Transmission at 0.00 degrees for unpolarized light
wavelength (nm)               T
     300.000000        0.891817
     301.000000        0.891621
     302.000000        0.891428
     303.000000        0.891239
     304.000000        0.891052
     305.000000        0.890868
     306.000000        0.890687
     307.000000        0.890508
     308.000000        0.890332
     309.000000        0.890158
     310.000000        0.889986
     311.000000        0.890166
     312.000000        0.890344
     313.000000        0.890521
     314.000000        0.890697
     315.000000        0.890872
     316.000000        0.891045
     317.000000        0.891217
     318.000000        0.891387
     319.000000        0.891555
     320.000000        0.891722
     321.000000        0.891536
     322.000000        0.891351
     323.000000        0.891165
     324.000000        0.890979
     325.000000        0.890793
     326.000000        0.890606
     327.000000        0.890420
     328.000000        0.890232
     329.000000        0.890045
     330.000000        0.889857
     331.000000        0.890012
     332.000000        0.890164
     333.000000        0.890314
     334.000000        0.890462
     335.000000        0.890607
     336.000000        0.890750
     337.000000        0.890890
     338.000000        0.891027
     339.000000        0.891162
     340.000000        0.891294
     341.000000        0.891078
     342.000000        0.890862
     343.000000        0.890643
     344.000000        0.890423
     345.000000        0.890202
     346.000000        0.889979
     347.000000        0.889754
     348.000000        0.889528
     349.000000        0.889299
     350.000000        0.889069
     351.000000        0.888410
     352.000000        0.887752
     353.000000        0.887095
     354.000000        0.886438
     355.000000        0.885783
     356.000000        0.885128
     357.000000        0.884474
     358.000000        0.883820
     359.000000        0.883168
     360.000000        0.882516
     361.000000        0.882696
     362.000000        0.882876
     363.000000        0.883058
     364.000000        0.883241
     365.000000        0.883425
     366.000000        0.883610
     367.000000        0.883797
     368.000000        0.883985
     369.000000        0.884175
     370.000000        0.884367
     371.000000        0.885275
     372.000000        0.886179
     373.000000        0.887077
     374.000000        0.887971
     375.000000        0.888861
     376.000000        0.889748
     377.000000        0.890630
     378.000000        0.891509
     379.000000        0.892385
     380.000000        0.893258
     381.000000        0.893374
     382.000000        0.893509
     383.000000        0.893663
     384.000000        0.893837
     385.000000        0.894031
     386.000000        0.894246
     387.000000        0.894481
     388.000000        0.894736
     389.000000        0.895013
     390.000000        0.895310
     391.000000        0.895430
     392.000000        0.895554
     393.000000        0.895683
     394.000000        0.895817
     395.000000        0.895955
     396.000000        0.896098
     397.000000        0.896246
     398.000000        0.896398
     399.000000        0.896555
     400.000000        0.896717
     401.000000        0.896807
     402.000000        0.896899
     403.000000        0.896992
     404.000000        0.897087
     405.000000        0.897184
     406.000000        0.897281
     407.000000        0.897381
     408.000000        0.897482
     409.000000        0.897584
     410.000000        0.897688
     411.000000        0.897749
     412.000000        0.897810
     413.000000        0.897871
     414.000000        0.897932
     415.000000        0.897994
     416.000000        0.898056
     417.000000        0.898118
     418.000000        0.898181
     419.000000        0.898243
     420.000000        0.898306
     421.000000        0.898344
     422.000000        0.898382
     423.000000        0.898420
     424.000000        0.898457
     425.000000        0.898494
     426.000000        0.898531
     427.000000        0.898568
     428.000000        0.898604
     429.000000        0.898641
     430.000000        0.898677
     431.000000        0.898435
     432.000000        0.898193
     433.000000        0.897952
     434.000000        0.897712
     435.000000        0.897472
     436.000000        0.897233
     437.000000        0.896995
     438.000000        0.896757
     439.000000        0.896520
     440.000000        0.896283
     441.000000        0.896290
     442.000000        0.896297
     443.000000        0.896304
     444.000000        0.896309
     445.000000        0.896314
     446.000000        0.896319
     447.000000        0.896323
     448.000000        0.896327
     449.000000        0.896330
     450.000000        0.896332
     451.000000        0.896318
     452.000000        0.896303
     453.000000        0.896288
     454.000000        0.896272
     455.000000        0.896255
     456.000000        0.896237
     457.000000        0.896219
     458.000000        0.896200
     459.000000        0.896181
     460.000000        0.896161
     461.000000        0.896123
     462.000000        0.896085
     463.000000        0.896046
     464.000000        0.896005
     465.000000        0.895965
     466.000000        0.895923
     467.000000        0.895881
     468.000000        0.895838
     469.000000        0.895794
     470.000000        0.895750
     471.000000        0.895477
     472.000000        0.895204
     473.000000        0.894932
     474.000000        0.894659
     475.000000        0.894388
     476.000000        0.894116
     477.000000        0.893846
     478.000000        0.893575
     479.000000        0.893305
     480.000000        0.893035
     481.000000        0.892988
     482.000000        0.892941
     483.000000        0.892893
     484.000000        0.892845
     485.000000        0.892796
     486.000000        0.892746
     487.000000        0.892696
     488.000000        0.892646
     489.000000        0.892594
     490.000000        0.892543
     491.000000        0.892530
     492.000000        0.892517
     493.000000        0.892504
     494.000000        0.892491
     495.000000        0.892478
     496.000000        0.892464
     497.000000        0.892450
     498.000000        0.892437
     499.000000        0.892423
     500.000000        0.892409
     501.000000        0.892394
     502.000000        0.892380
     503.000000        0.892366
     504.000000        0.892351
     505.000000        0.892337
     506.000000        0.892322
     507.000000        0.892307
     508.000000        0.892292
     509.000000        0.892277
     510.000000        0.892262
     511.000000        0.892226
     512.000000        0.892189
     513.000000        0.892153
     514.000000        0.892116
     515.000000        0.892078
     516.000000        0.892041
     517.000000        0.892004
     518.000000        0.891966
     519.000000        0.891928
     520.000000        0.891890
     521.000000        0.891623
     522.000000        0.891357
     523.000000        0.891091
     524.000000        0.890826
     525.000000        0.890561
     526.000000        0.890297
     527.000000        0.890033
     528.000000        0.889770
     529.000000        0.889507
     530.000000        0.889245
     531.000000        0.889209
     532.000000        0.889173
     533.000000        0.889137
     534.000000        0.889101
     535.000000        0.889065
     536.000000        0.889029
     537.000000        0.888992
     538.000000        0.888956
     539.000000        0.888919
     540.000000        0.888882
     541.000000        0.888844
     542.000000        0.888806
     543.000000        0.888767
     544.000000        0.888728
     545.000000        0.888689
     546.000000        0.888650
     547.000000        0.888611
     548.000000        0.888572
     549.000000        0.888533
     550.000000        0.888493
     551.000000        0.888478
     552.000000        0.888464
     553.000000        0.888449
     554.000000        0.888434
     555.000000        0.888419
     556.000000        0.888405
     557.000000        0.888390
     558.000000        0.888376
     559.000000        0.888361
     560.000000        0.888347
     561.000000        0.888309
     562.000000        0.888271
     563.000000        0.888232
     564.000000        0.888194
     565.000000        0.888156
     566.000000        0.888117
     567.000000        0.888079
     568.000000        0.888041
     569.000000        0.888003
     570.000000        0.887964
     571.000000        0.887736
     572.000000        0.887508
     573.000000        0.887281
     574.000000        0.887055
     575.000000        0.886829
     576.000000        0.886603
     577.000000        0.886379
     578.000000        0.886155
     579.000000        0.885931
     580.000000        0.885709
     581.000000        0.885673
     582.000000        0.885638
     583.000000        0.885602
     584.000000        0.885567
     585.000000        0.885532
     586.000000        0.885497
     587.000000        0.885461
     588.000000        0.885426
     589.000000        0.885391
     590.000000        0.885356
     591.000000        0.885321
     592.000000        0.885286
     593.000000        0.885250
     594.000000        0.885215
     595.000000        0.885180
     596.000000        0.885146
     597.000000        0.885111
     598.000000        0.885076
     599.000000        0.885041
     600.000000        0.885006
     601.000000        0.884972
     602.000000        0.884937
     603.000000        0.884902
     604.000000        0.884868
     605.000000        0.884833
     606.000000        0.884799
     607.000000        0.884764
     608.000000        0.884730
     609.000000        0.884696
     610.000000        0.884662
     611.000000        0.884627
     612.000000        0.884593
     613.000000        0.884559
     614.000000        0.884525
     615.000000        0.884491
     616.000000        0.884458
     617.000000        0.884424
     618.000000        0.884390
     619.000000        0.884357
     620.000000        0.884323
     621.000000        0.884315
     622.000000        0.884308
     623.000000        0.884300
     624.000000        0.884293
     625.000000        0.884286
     626.000000        0.884279
     627.000000        0.884272
     628.000000        0.884265
     629.000000        0.884258
     630.000000        0.884251
     631.000000        0.884044
     632.000000        0.883838
     633.000000        0.883632
     634.000000        0.883427
     635.000000        0.883222
     636.000000        0.883018
     637.000000        0.882815
     638.000000        0.882612
     639.000000        0.882409
     640.000000        0.882208
     641.000000        0.882204
     642.000000        0.882201
     643.000000        0.882198
     644.000000        0.882194
     645.000000        0.882191
     646.000000        0.882189
     647.000000        0.882186
     648.000000        0.882183
     649.000000        0.882181
     650.000000        0.882178
     651.000000        0.882176
     652.000000        0.882173
     653.000000        0.882171
     654.000000        0.882169
     655.000000        0.882167
     656.000000        0.882165
     657.000000        0.882164
     658.000000        0.882162
     659.000000        0.882161
     660.000000        0.882159
     661.000000        0.882132
     662.000000        0.882104
     663.000000        0.882077
     664.000000        0.882049
     665.000000        0.882022
     666.000000        0.881995
     667.000000        0.881968
     668.000000        0.881941
     669.000000        0.881914
     670.000000        0.881887
     671.000000        0.881861
     672.000000        0.881834
     673.000000        0.881808
     674.000000        0.881781
     675.000000        0.881755
     676.000000        0.881728
     677.000000        0.881702
     678.000000        0.881676
     679.000000        0.881650
     680.000000        0.881624
     681.000000        0.881435
     682.000000        0.881246
     683.000000        0.881057
     684.000000        0.880869
     685.000000        0.880681
     686.000000        0.880494
     687.000000        0.880307
     688.000000        0.880121
     689.000000        0.879936
     690.000000        0.879750
     691.000000        0.879727
     692.000000        0.879704
     693.000000        0.879681
     694.000000        0.879659
     695.000000        0.879636
     696.000000        0.879613
     697.000000        0.879591
     698.000000        0.879568
     699.000000        0.879546
     700.000000        0.879524
     701.000000        0.879528
     702.000000        0.879532
     703.000000        0.879537
     704.000000        0.879542
     705.000000        0.879546
     706.000000        0.879551
     707.000000        0.879556
     708.000000        0.879561
     709.000000        0.879566
     710.000000        0.879571
     711.000000        0.879550
     712.000000        0.879528
     713.000000        0.879507
     714.000000        0.879486
     715.000000        0.879465
     716.000000        0.879444
     717.000000        0.879424
     718.000000        0.879403
     719.000000        0.879382
     720.000000        0.879362
     721.000000        0.879342
     722.000000        0.879321
     723.000000        0.879301
     724.000000        0.879281
     725.000000        0.879261
     726.000000        0.879241
     727.000000        0.879221
     728.000000        0.879201
     729.000000        0.879181
     730.000000        0.879162
     731.000000        0.879014
     732.000000        0.878867
     733.000000        0.878720
     734.000000        0.878573
     735.000000        0.878427
     736.000000        0.878281
     737.000000        0.878136
     738.000000        0.877991
     739.000000        0.877847
     740.000000        0.877703
     741.000000        0.877686
     742.000000        0.877669
     743.000000        0.877652
     744.000000        0.877635
     745.000000        0.877618
     746.000000        0.877601
     747.000000        0.877585
     748.000000        0.877568
     749.000000        0.877552
     750.000000        0.877535
     751.000000        0.877519
     752.000000        0.877503
     753.000000        0.877487
     754.000000        0.877471
     755.000000        0.877455
     756.000000        0.877439
     757.000000        0.877423
     758.000000        0.877407
     759.000000        0.877391
     760.000000        0.877376
     761.000000        0.877360
     762.000000        0.877345
     763.000000        0.877329
     764.000000        0.877314
     765.000000        0.877299
     766.000000        0.877284
     767.000000        0.877269
     768.000000        0.877254
     769.000000        0.877239
     770.000000        0.877224
     771.000000        0.877087
     772.000000        0.876951
     773.000000        0.876815
     774.000000        0.876679
     775.000000        0.876544
     776.000000        0.876409
     777.000000        0.876275
     778.000000        0.876141
     779.000000        0.876007
     780.000000        0.875873
     781.000000        0.875887
     782.000000        0.875901
     783.000000        0.875914
     784.000000        0.875928
     785.000000        0.875942
     786.000000        0.875956
     787.000000        0.875970
     788.000000        0.875983
     789.000000        0.875997
     790.000000        0.876012
     791.000000        0.876000
     792.000000        0.875988
     793.000000        0.875976
     794.000000        0.875964
     795.000000        0.875952
     796.000000        0.875941
     797.000000        0.875929
     798.000000        0.875918
     799.000000        0.875906
     800.000000        0.875895
     801.000000        0.875936
     802.000000        0.875976
     803.000000        0.876017
     804.000000        0.876058
     805.000000        0.876099
     806.000000        0.876140
     807.000000        0.876180
     808.000000        0.876221
     809.000000        0.876262
     810.000000        0.876303
     811.000000        0.876292
     812.000000        0.876282
     813.000000        0.876271
     814.000000        0.876260
     815.000000        0.876250
     816.000000        0.876239
     817.000000        0.876229
     818.000000        0.876219
     819.000000        0.876208
     820.000000        0.876198
     821.000000        0.876047
     822.000000        0.875896
     823.000000        0.875745
     824.000000        0.875595
     825.000000        0.875444
     826.000000        0.875295
     827.000000        0.875145
     828.000000        0.874996
     829.000000        0.874848
     830.000000        0.874699
     831.000000        0.874717
     832.000000        0.874734
     833.000000        0.874752
     834.000000        0.874769
     835.000000        0.874787
     836.000000        0.874804
     837.000000        0.874822
     838.000000        0.874840
     839.000000        0.874857
     840.000000        0.874875
     841.000000        0.874867
     842.000000        0.874859
     843.000000        0.874852
     844.000000        0.874844
     845.000000        0.874837
     846.000000        0.874829
     847.000000        0.874822
     848.000000        0.874814
     849.000000        0.874807
     850.000000        0.874800
     851.000000        0.874630
     852.000000        0.874460
     853.000000        0.874291
     854.000000        0.874122
     855.000000        0.873953
     856.000000        0.873785
     857.000000        0.873617
     858.000000        0.873450
     859.000000        0.873283
     860.000000        0.873116
     861.000000        0.873110
     862.000000        0.873105
     863.000000        0.873100
     864.000000        0.873094
     865.000000        0.873089
     866.000000        0.873084
     867.000000        0.873079
     868.000000        0.873074
     869.000000        0.873069
     870.000000        0.873064
     871.000000        0.873034
     872.000000        0.873004
     873.000000        0.872974
     874.000000        0.872944
     875.000000        0.872914
     876.000000        0.872884
     877.000000        0.872854
     878.000000        0.872824
     879.000000        0.872795
     880.000000        0.872765
     881.000000        0.872602
     882.000000        0.872439
     883.000000        0.872277
     884.000000        0.872115
     885.000000        0.871953
     886.000000        0.871792
     887.000000        0.871631
     888.000000        0.871470
     889.000000        0.871310
     890.000000        0.871150
     891.000000        0.871122
     892.000000        0.871094
     893.000000        0.871066
     894.000000        0.871039
     895.000000        0.871011
     896.000000        0.870984
     897.000000        0.870956
     898.000000        0.870929
     899.000000        0.870902
     900.000000        0.870874
Reflection at 0.00 degrees for unpolarized light
wavelength (nm)               R
     300.000000        0.087445
     301.000000        0.087298
     302.000000        0.087150
     303.000000        0.087002
     304.000000        0.086853
     305.000000        0.086703
     306.000000        0.086553
     307.000000        0.086403
     308.000000        0.086253
     309.000000        0.086102
     310.000000        0.085952
     311.000000        0.085848
     312.000000        0.085744
     313.000000        0.085642
     314.000000        0.085540
     315.000000        0.085439
     316.000000        0.085339
     317.000000        0.085240
     318.000000        0.085143
     319.000000        0.085046
     320.000000        0.084952
     321.000000        0.084827
     322.000000        0.084705
     323.000000        0.084584
     324.000000        0.084467
     325.000000        0.084351
     326.000000        0.084238
     327.000000        0.084127
     328.000000        0.084018
     329.000000        0.083913
     330.000000        0.083810
     331.000000        0.083734
     332.000000        0.083660
     333.000000        0.083588
     334.000000        0.083519
     335.000000        0.083452
     336.000000        0.083387
     337.000000        0.083324
     338.000000        0.083263
     339.000000        0.083205
     340.000000        0.083150
     341.000000        0.083084
     342.000000        0.083021
     343.000000        0.082962
     344.000000        0.082907
     345.000000        0.082855
     346.000000        0.082807
     347.000000        0.082762
     348.000000        0.082721
     349.000000        0.082684
     350.000000        0.082650
     351.000000        0.082710
     352.000000        0.082773
     353.000000        0.082840
     354.000000        0.082910
     355.000000        0.082984
     356.000000        0.083061
     357.000000        0.083142
     358.000000        0.083225
     359.000000        0.083313
     360.000000        0.083403
     361.000000        0.083671
     362.000000        0.083935
     363.000000        0.084194
     364.000000        0.084449
     365.000000        0.084698
     366.000000        0.084943
     367.000000        0.085183
     368.000000        0.085419
     369.000000        0.085649
     370.000000        0.085875
     371.000000        0.086028
     372.000000        0.086181
     373.000000        0.086334
     374.000000        0.086486
     375.000000        0.086636
     376.000000        0.086786
     377.000000        0.086934
     378.000000        0.087080
     379.000000        0.087225
     380.000000        0.087368
     381.000000        0.087303
     382.000000        0.087217
     383.000000        0.087111
     384.000000        0.086983
     385.000000        0.086834
     386.000000        0.086664
     387.000000        0.086472
     388.000000        0.086258
     389.000000        0.086022
     390.000000        0.085764
     391.000000        0.085690
     392.000000        0.085612
     393.000000        0.085528
     394.000000        0.085440
     395.000000        0.085346
     396.000000        0.085247
     397.000000        0.085143
     398.000000        0.085034
     399.000000        0.084920
     400.000000        0.084800
     401.000000        0.084755
     402.000000        0.084708
     403.000000        0.084659
     404.000000        0.084608
     405.000000        0.084555
     406.000000        0.084501
     407.000000        0.084445
     408.000000        0.084387
     409.000000        0.084327
     410.000000        0.084266
     411.000000        0.084249
     412.000000        0.084231
     413.000000        0.084214
     414.000000        0.084195
     415.000000        0.084176
     416.000000        0.084157
     417.000000        0.084137
     418.000000        0.084117
     419.000000        0.084096
     420.000000        0.084075
     421.000000        0.084079
     422.000000        0.084083
     423.000000        0.084088
     424.000000        0.084092
     425.000000        0.084097
     426.000000        0.084101
     427.000000        0.084105
     428.000000        0.084110
     429.000000        0.084114
     430.000000        0.084119
     431.000000        0.084119
     432.000000        0.084119
     433.000000        0.084120
     434.000000        0.084122
     435.000000        0.084125
     436.000000        0.084128
     437.000000        0.084132
     438.000000        0.084136
     439.000000        0.084141
     440.000000        0.084147
     441.000000        0.084185
     442.000000        0.084224
     443.000000        0.084263
     444.000000        0.084302
     445.000000        0.084342
     446.000000        0.084382
     447.000000        0.084423
     448.000000        0.084464
     449.000000        0.084505
     450.000000        0.084546
     451.000000        0.084604
     452.000000        0.084663
     453.000000        0.084723
     454.000000        0.084783
     455.000000        0.084843
     456.000000        0.084904
     457.000000        0.084965
     458.000000        0.085027
     459.000000        0.085089
     460.000000        0.085151
     461.000000        0.085232
     462.000000        0.085313
     463.000000        0.085395
     464.000000        0.085477
     465.000000        0.085560
     466.000000        0.085644
     467.000000        0.085728
     468.000000        0.085813
     469.000000        0.085898
     470.000000        0.085983
     471.000000        0.086040
     472.000000        0.086097
     473.000000        0.086155
     474.000000        0.086214
     475.000000        0.086273
     476.000000        0.086333
     477.000000        0.086394
     478.000000        0.086455
     479.000000        0.086517
     480.000000        0.086580
     481.000000        0.086671
     482.000000        0.086763
     483.000000        0.086856
     484.000000        0.086948
     485.000000        0.087041
     486.000000        0.087135
     487.000000        0.087228
     488.000000        0.087322
     489.000000        0.087417
     490.000000        0.087512
     491.000000        0.087566
     492.000000        0.087620
     493.000000        0.087674
     494.000000        0.087729
     495.000000        0.087783
     496.000000        0.087837
     497.000000        0.087891
     498.000000        0.087945
     499.000000        0.087999
     500.000000        0.088053
     501.000000        0.088107
     502.000000        0.088161
     503.000000        0.088215
     504.000000        0.088269
     505.000000        0.088322
     506.000000        0.088376
     507.000000        0.088429
     508.000000        0.088483
     509.000000        0.088536
     510.000000        0.088590
     511.000000        0.088665
     512.000000        0.088740
     513.000000        0.088815
     514.000000        0.088890
     515.000000        0.088965
     516.000000        0.089041
     517.000000        0.089116
     518.000000        0.089191
     519.000000        0.089266
     520.000000        0.089342
     521.000000        0.089415
     522.000000        0.089489
     523.000000        0.089563
     524.000000        0.089637
     525.000000        0.089711
     526.000000        0.089786
     527.000000        0.089861
     528.000000        0.089937
     529.000000        0.090012
     530.000000        0.090088
     531.000000        0.090164
     532.000000        0.090240
     533.000000        0.090315
     534.000000        0.090391
     535.000000        0.090466
     536.000000        0.090542
     537.000000        0.090617
     538.000000        0.090693
     539.000000        0.090768
     540.000000        0.090843
     541.000000        0.090920
     542.000000        0.090996
     543.000000        0.091073
     544.000000        0.091150
     545.000000        0.091227
     546.000000        0.091303
     547.000000        0.091380
     548.000000        0.091456
     549.000000        0.091533
     550.000000        0.091609
     551.000000        0.091660
     552.000000        0.091711
     553.000000        0.091761
     554.000000        0.091812
     555.000000        0.091862
     556.000000        0.091912
     557.000000        0.091962
     558.000000        0.092011
     559.000000        0.092061
     560.000000        0.092110
     561.000000        0.092183
     562.000000        0.092257
     563.000000        0.092330
     564.000000        0.092403
     565.000000        0.092476
     566.000000        0.092549
     567.000000        0.092622
     568.000000        0.092695
     569.000000        0.092767
     570.000000        0.092840
     571.000000        0.092892
     572.000000        0.092944
     573.000000        0.092997
     574.000000        0.093049
     575.000000        0.093102
     576.000000        0.093154
     577.000000        0.093207
     578.000000        0.093259
     579.000000        0.093312
     580.000000        0.093364
     581.000000        0.093436
     582.000000        0.093507
     583.000000        0.093579
     584.000000        0.093650
     585.000000        0.093721
     586.000000        0.093792
     587.000000        0.093862
     588.000000        0.093933
     589.000000        0.094003
     590.000000        0.094073
     591.000000        0.094143
     592.000000        0.094213
     593.000000        0.094283
     594.000000        0.094352
     595.000000        0.094422
     596.000000        0.094491
     597.000000        0.094560
     598.000000        0.094629
     599.000000        0.094697
     600.000000        0.094766
     601.000000        0.094834
     602.000000        0.094902
     603.000000        0.094970
     604.000000        0.095038
     605.000000        0.095105
     606.000000        0.095173
     607.000000        0.095240
     608.000000        0.095307
     609.000000        0.095374
     610.000000        0.095441
     611.000000        0.095507
     612.000000        0.095573
     613.000000        0.095640
     614.000000        0.095706
     615.000000        0.095771
     616.000000        0.095837
     617.000000        0.095902
     618.000000        0.095967
     619.000000        0.096032
     620.000000        0.096097
     621.000000        0.096136
     622.000000        0.096174
     623.000000        0.096211
     624.000000        0.096249
     625.000000        0.096286
     626.000000        0.096323
     627.000000        0.096360
     628.000000        0.096397
     629.000000        0.096433
     630.000000        0.096470
     631.000000        0.096517
     632.000000        0.096564
     633.000000        0.096612
     634.000000        0.096659
     635.000000        0.096706
     636.000000        0.096753
     637.000000        0.096800
     638.000000        0.096847
     639.000000        0.096894
     640.000000        0.096941
     641.000000        0.096976
     642.000000        0.097011
     643.000000        0.097045
     644.000000        0.097079
     645.000000        0.097113
     646.000000        0.097146
     647.000000        0.097180
     648.000000        0.097213
     649.000000        0.097246
     650.000000        0.097279
     651.000000        0.097311
     652.000000        0.097344
     653.000000        0.097376
     654.000000        0.097408
     655.000000        0.097439
     656.000000        0.097471
     657.000000        0.097502
     658.000000        0.097533
     659.000000        0.097564
     660.000000        0.097595
     661.000000        0.097652
     662.000000        0.097710
     663.000000        0.097766
     664.000000        0.097823
     665.000000        0.097880
     666.000000        0.097936
     667.000000        0.097993
     668.000000        0.098049
     669.000000        0.098104
     670.000000        0.098160
     671.000000        0.098216
     672.000000        0.098271
     673.000000        0.098326
     674.000000        0.098381
     675.000000        0.098436
     676.000000        0.098490
     677.000000        0.098545
     678.000000        0.098599
     679.000000        0.098653
     680.000000        0.098707
     681.000000        0.098749
     682.000000        0.098790
     683.000000        0.098832
     684.000000        0.098874
     685.000000        0.098915
     686.000000        0.098957
     687.000000        0.098998
     688.000000        0.099040
     689.000000        0.099081
     690.000000        0.099122
     691.000000        0.099175
     692.000000        0.099227
     693.000000        0.099279
     694.000000        0.099331
     695.000000        0.099382
     696.000000        0.099434
     697.000000        0.099485
     698.000000        0.099536
     699.000000        0.099587
     700.000000        0.099638
     701.000000        0.099662
     702.000000        0.099685
     703.000000        0.099708
     704.000000        0.099731
     705.000000        0.099754
     706.000000        0.099777
     707.000000        0.099799
     708.000000        0.099822
     709.000000        0.099844
     710.000000        0.099866
     711.000000        0.099915
     712.000000        0.099963
     713.000000        0.100012
     714.000000        0.100060
     715.000000        0.100108
     716.000000        0.100156
     717.000000        0.100204
     718.000000        0.100252
     719.000000        0.100299
     720.000000        0.100346
     721.000000        0.100394
     722.000000        0.100441
     723.000000        0.100487
     724.000000        0.100534
     725.000000        0.100580
     726.000000        0.100627
     727.000000        0.100673
     728.000000        0.100719
     729.000000        0.100765
     730.000000        0.100810
     731.000000        0.100819
     732.000000        0.100829
     733.000000        0.100838
     734.000000        0.100847
     735.000000        0.100856
     736.000000        0.100865
     737.000000        0.100874
     738.000000        0.100883
     739.000000        0.100892
     740.000000        0.100901
     741.000000        0.100946
     742.000000        0.100990
     743.000000        0.101034
     744.000000        0.101078
     745.000000        0.101121
     746.000000        0.101165
     747.000000        0.101208
     748.000000        0.101251
     749.000000        0.101294
     750.000000        0.101337
     751.000000        0.101380
     752.000000        0.101422
     753.000000        0.101465
     754.000000        0.101507
     755.000000        0.101549
     756.000000        0.101591
     757.000000        0.101633
     758.000000        0.101674
     759.000000        0.101716
     760.000000        0.101757
     761.000000        0.101798
     762.000000        0.101839
     763.000000        0.101880
     764.000000        0.101921
     765.000000        0.101961
     766.000000        0.102002
     767.000000        0.102042
     768.000000        0.102082
     769.000000        0.102122
     770.000000        0.102162
     771.000000        0.102167
     772.000000        0.102173
     773.000000        0.102178
     774.000000        0.102184
     775.000000        0.102190
     776.000000        0.102195
     777.000000        0.102200
     778.000000        0.102206
     779.000000        0.102211
     780.000000        0.102217
     781.000000        0.102229
     782.000000        0.102241
     783.000000        0.102252
     784.000000        0.102264
     785.000000        0.102276
     786.000000        0.102287
     787.000000        0.102298
     788.000000        0.102309
     789.000000        0.102320
     790.000000        0.102331
     791.000000        0.102369
     792.000000        0.102406
     793.000000        0.102443
     794.000000        0.102480
     795.000000        0.102516
     796.000000        0.102553
     797.000000        0.102589
     798.000000        0.102626
     799.000000        0.102662
     800.000000        0.102698
     801.000000        0.102681
     802.000000        0.102664
     803.000000        0.102647
     804.000000        0.102630
     805.000000        0.102613
     806.000000        0.102595
     807.000000        0.102578
     808.000000        0.102561
     809.000000        0.102543
     810.000000        0.102525
     811.000000        0.102560
     812.000000        0.102595
     813.000000        0.102629
     814.000000        0.102664
     815.000000        0.102698
     816.000000        0.102732
     817.000000        0.102766
     818.000000        0.102800
     819.000000        0.102834
     820.000000        0.102867
     821.000000        0.102896
     822.000000        0.102924
     823.000000        0.102952
     824.000000        0.102980
     825.000000        0.103008
     826.000000        0.103036
     827.000000        0.103064
     828.000000        0.103092
     829.000000        0.103120
     830.000000        0.103148
     831.000000        0.103155
     832.000000        0.103161
     833.000000        0.103167
     834.000000        0.103174
     835.000000        0.103180
     836.000000        0.103186
     837.000000        0.103192
     838.000000        0.103198
     839.000000        0.103204
     840.000000        0.103210
     841.000000        0.103241
     842.000000        0.103272
     843.000000        0.103304
     844.000000        0.103335
     845.000000        0.103366
     846.000000        0.103397
     847.000000        0.103427
     848.000000        0.103458
     849.000000        0.103489
     850.000000        0.103519
     851.000000        0.103571
     852.000000        0.103623
     853.000000        0.103674
     854.000000        0.103726
     855.000000        0.103778
     856.000000        0.103829
     857.000000        0.103881
     858.000000        0.103932
     859.000000        0.103984
     860.000000        0.104035
     861.000000        0.104064
     862.000000        0.104093
     863.000000        0.104123
     864.000000        0.104152
     865.000000        0.104181
     866.000000        0.104209
     867.000000        0.104238
     868.000000        0.104267
     869.000000        0.104295
     870.000000        0.104324
     871.000000        0.104377
     872.000000        0.104431
     873.000000        0.104485
     874.000000        0.104538
     875.000000        0.104591
     876.000000        0.104645
     877.000000        0.104698
     878.000000        0.104751
     879.000000        0.104803
     880.000000        0.104856
     881.000000        0.104905
     882.000000        0.104955
     883.000000        0.105004
     884.000000        0.105053
     885.000000        0.105102
     886.000000        0.105151
     887.000000        0.105200
     888.000000        0.105248
     889.000000        0.105297
     890.000000        0.105346
     891.000000        0.105397
     892.000000        0.105449
     893.000000        0.105500
     894.000000        0.105551
     895.000000        0.105603
     896.000000        0.105654
     897.000000        0.105704
     898.000000        0.105755
     899.000000        0.105806
     900.000000        0.105856
Absorption at 0.00 degrees for unpolarized light
wavelength (nm)               A
     300.000000        0.020739
     301.000000        0.021081
     302.000000        0.021421
     303.000000        0.021759
     304.000000        0.022095
     305.000000        0.022428
     306.000000        0.022760
     307.000000        0.023088
     308.000000        0.023415
     309.000000        0.023739
     310.000000        0.024062
     311.000000        0.023986
     312.000000        0.023912
     313.000000        0.023837
     314.000000        0.023763
     315.000000        0.023689
     316.000000        0.023616
     317.000000        0.023543
     318.000000        0.023470
     319.000000        0.023398
     320.000000        0.023326
     321.000000        0.023637
     322.000000        0.023945
     323.000000        0.024251
     324.000000        0.024555
     325.000000        0.024856
     326.000000        0.025156
     327.000000        0.025454
     328.000000        0.025749
     329.000000        0.026043
     330.000000        0.026334
     331.000000        0.026255
     332.000000        0.026176
     333.000000        0.026097
     334.000000        0.026019
     335.000000        0.025941
     336.000000        0.025864
     337.000000        0.025786
     338.000000        0.025710
     339.000000        0.025633
     340.000000        0.025557
     341.000000        0.025838
     342.000000        0.026117
     343.000000        0.026394
     344.000000        0.026670
     345.000000        0.026943
     346.000000        0.027214
     347.000000        0.027484
     348.000000        0.027751
     349.000000        0.028017
     350.000000        0.028281
     351.000000        0.028880
     352.000000        0.029475
     353.000000        0.030065
     354.000000        0.030651
     355.000000        0.031233
     356.000000        0.031811
     357.000000        0.032385
     358.000000        0.032954
     359.000000        0.033520
     360.000000        0.034081
     361.000000        0.033633
     362.000000        0.033189
     363.000000        0.032748
     364.000000        0.032311
     365.000000        0.031877
     366.000000        0.031446
     367.000000        0.031019
     368.000000        0.030596
     369.000000        0.030175
     370.000000        0.029758
     371.000000        0.028697
     372.000000        0.027640
     373.000000        0.026589
     374.000000        0.025543
     375.000000        0.024502
     376.000000        0.023467
     377.000000        0.022436
     378.000000        0.021410
     379.000000        0.020390
     380.000000        0.019374
     381.000000        0.019323
     382.000000        0.019274
     383.000000        0.019226
     384.000000        0.019179
     385.000000        0.019134
     386.000000        0.019090
     387.000000        0.019047
     388.000000        0.019006
     389.000000        0.018965
     390.000000        0.018926
     391.000000        0.018880
     392.000000        0.018834
     393.000000        0.018789
     394.000000        0.018744
     395.000000        0.018699
     396.000000        0.018655
     397.000000        0.018611
     398.000000        0.018568
     399.000000        0.018525
     400.000000        0.018483
     401.000000        0.018438
     402.000000        0.018393
     403.000000        0.018349
     404.000000        0.018305
     405.000000        0.018261
     406.000000        0.018218
     407.000000        0.018174
     408.000000        0.018131
     409.000000        0.018089
     410.000000        0.018046
     411.000000        0.018003
     412.000000        0.017959
     413.000000        0.017916
     414.000000        0.017873
     415.000000        0.017830
     416.000000        0.017787
     417.000000        0.017745
     418.000000        0.017703
     419.000000        0.017661
     420.000000        0.017619
     421.000000        0.017577
     422.000000        0.017534
     423.000000        0.017492
     424.000000        0.017451
     425.000000        0.017409
     426.000000        0.017368
     427.000000        0.017327
     428.000000        0.017286
     429.000000        0.017245
     430.000000        0.017205
     431.000000        0.017447
     432.000000        0.017688
     433.000000        0.017927
     434.000000        0.018165
     435.000000        0.018403
     436.000000        0.018638
     437.000000        0.018873
     438.000000        0.019107
     439.000000        0.019339
     440.000000        0.019570
     441.000000        0.019524
     442.000000        0.019479
     443.000000        0.019433
     444.000000        0.019388
     445.000000        0.019343
     446.000000        0.019299
     447.000000        0.019254
     448.000000        0.019210
     449.000000        0.019166
     450.000000        0.019122
     451.000000        0.019077
     452.000000        0.019033
     453.000000        0.018990
     454.000000        0.018946
     455.000000        0.018902
     456.000000        0.018859
     457.000000        0.018816
     458.000000        0.018773
     459.000000        0.018730
     460.000000        0.018688
     461.000000        0.018645
     462.000000        0.018602
     463.000000        0.018560
     464.000000        0.018517
     465.000000        0.018475
     466.000000        0.018433
     467.000000        0.018391
     468.000000        0.018350
     469.000000        0.018308
     470.000000        0.018267
     471.000000        0.018483
     472.000000        0.018699
     473.000000        0.018913
     474.000000        0.019126
     475.000000        0.019339
     476.000000        0.019550
     477.000000        0.019760
     478.000000        0.019970
     479.000000        0.020178
     480.000000        0.020385
     481.000000        0.020340
     482.000000        0.020296
     483.000000        0.020251
     484.000000        0.020207
     485.000000        0.020163
     486.000000        0.020119
     487.000000        0.020075
     488.000000        0.020032
     489.000000        0.019989
     490.000000        0.019946
     491.000000        0.019904
     492.000000        0.019863
     493.000000        0.019821
     494.000000        0.019780
     495.000000        0.019740
     496.000000        0.019699
     497.000000        0.019659
     498.000000        0.019618
     499.000000        0.019578
     500.000000        0.019538
     501.000000        0.019498
     502.000000        0.019459
     503.000000        0.019419
     504.000000        0.019380
     505.000000        0.019341
     506.000000        0.019302
     507.000000        0.019263
     508.000000        0.019225
     509.000000        0.019186
     510.000000        0.019148
     511.000000        0.019110
     512.000000        0.019071
     513.000000        0.019033
     514.000000        0.018994
     515.000000        0.018956
     516.000000        0.018918
     517.000000        0.018881
     518.000000        0.018843
     519.000000        0.018806
     520.000000        0.018768
     521.000000        0.018962
     522.000000        0.019154
     523.000000        0.019346
     524.000000        0.019537
     525.000000        0.019728
     526.000000        0.019917
     527.000000        0.020105
     528.000000        0.020293
     529.000000        0.020480
     530.000000        0.020666
     531.000000        0.020626
     532.000000        0.020587
     533.000000        0.020547
     534.000000        0.020508
     535.000000        0.020468
     536.000000        0.020429
     537.000000        0.020390
     538.000000        0.020352
     539.000000        0.020313
     540.000000        0.020274
     541.000000        0.020236
     542.000000        0.020198
     543.000000        0.020160
     544.000000        0.020122
     545.000000        0.020084
     546.000000        0.020047
     547.000000        0.020009
     548.000000        0.019972
     549.000000        0.019935
     550.000000        0.019898
     551.000000        0.019862
     552.000000        0.019826
     553.000000        0.019790
     554.000000        0.019754
     555.000000        0.019719
     556.000000        0.019683
     557.000000        0.019648
     558.000000        0.019613
     559.000000        0.019578
     560.000000        0.019543
     561.000000        0.019508
     562.000000        0.019473
     563.000000        0.019438
     564.000000        0.019403
     565.000000        0.019368
     566.000000        0.019333
     567.000000        0.019299
     568.000000        0.019264
     569.000000        0.019230
     570.000000        0.019196
     571.000000        0.019372
     572.000000        0.019547
     573.000000        0.019722
     574.000000        0.019896
     575.000000        0.020070
     576.000000        0.020242
     577.000000        0.020415
     578.000000        0.020586
     579.000000        0.020757
     580.000000        0.020927
     581.000000        0.020891
     582.000000        0.020855
     583.000000        0.020819
     584.000000        0.020783
     585.000000        0.020747
     586.000000        0.020712
     587.000000        0.020676
     588.000000        0.020641
     589.000000        0.020606
     590.000000        0.020571
     591.000000        0.020536
     592.000000        0.020501
     593.000000        0.020467
     594.000000        0.020432
     595.000000        0.020398
     596.000000        0.020364
     597.000000        0.020329
     598.000000        0.020296
     599.000000        0.020262
     600.000000        0.020228
     601.000000        0.020194
     602.000000        0.020161
     603.000000        0.020128
     604.000000        0.020094
     605.000000        0.020061
     606.000000        0.020028
     607.000000        0.019996
     608.000000        0.019963
     609.000000        0.019930
     610.000000        0.019898
     611.000000        0.019865
     612.000000        0.019833
     613.000000        0.019801
     614.000000        0.019769
     615.000000        0.019737
     616.000000        0.019705
     617.000000        0.019674
     618.000000        0.019642
     619.000000        0.019611
     620.000000        0.019580
     621.000000        0.019549
     622.000000        0.019519
     623.000000        0.019488
     624.000000        0.019458
     625.000000        0.019428
     626.000000        0.019398
     627.000000        0.019368
     628.000000        0.019338
     629.000000        0.019309
     630.000000        0.019279
     631.000000        0.019439
     632.000000        0.019598
     633.000000        0.019756
     634.000000        0.019914
     635.000000        0.020072
     636.000000        0.020228
     637.000000        0.020385
     638.000000        0.020541
     639.000000        0.020696
     640.000000        0.020851
     641.000000        0.020820
     642.000000        0.020789
     643.000000        0.020758
     644.000000        0.020727
     645.000000        0.020696
     646.000000        0.020665
     647.000000        0.020634
     648.000000        0.020604
     649.000000        0.020574
     650.000000        0.020543
     651.000000        0.020513
     652.000000        0.020483
     653.000000        0.020453
     654.000000        0.020423
     655.000000        0.020393
     656.000000        0.020364
     657.000000        0.020334
     658.000000        0.020305
     659.000000        0.020275
     660.000000        0.020246
     661.000000        0.020216
     662.000000        0.020186
     663.000000        0.020157
     664.000000        0.020127
     665.000000        0.020098
     666.000000        0.020069
     667.000000        0.020039
     668.000000        0.020010
     669.000000        0.019981
     670.000000        0.019952
     671.000000        0.019924
     672.000000        0.019895
     673.000000        0.019866
     674.000000        0.019838
     675.000000        0.019809
     676.000000        0.019781
     677.000000        0.019753
     678.000000        0.019725
     679.000000        0.019697
     680.000000        0.019669
     681.000000        0.019817
     682.000000        0.019964
     683.000000        0.020111
     684.000000        0.020258
     685.000000        0.020404
     686.000000        0.020549
     687.000000        0.020694
     688.000000        0.020839
     689.000000        0.020983
     690.000000        0.021127
     691.000000        0.021098
     692.000000        0.021069
     693.000000        0.021040
     694.000000        0.021010
     695.000000        0.020982
     696.000000        0.020953
     697.000000        0.020924
     698.000000        0.020895
     699.000000        0.020867
     700.000000        0.020838
     701.000000        0.020810
     702.000000        0.020782
     703.000000        0.020755
     704.000000        0.020727
     705.000000        0.020700
     706.000000        0.020672
     707.000000        0.020645
     708.000000        0.020617
     709.000000        0.020590
     710.000000        0.020563
     711.000000        0.020536
     712.000000        0.020508
     713.000000        0.020481
     714.000000        0.020454
     715.000000        0.020426
     716.000000        0.020399
     717.000000        0.020372
     718.000000        0.020345
     719.000000        0.020318
     720.000000        0.020292
     721.000000        0.020265
     722.000000        0.020238
     723.000000        0.020212
     724.000000        0.020185
     725.000000        0.020159
     726.000000        0.020133
     727.000000        0.020106
     728.000000        0.020080
     729.000000        0.020054
     730.000000        0.020028
     731.000000        0.020167
     732.000000        0.020305
     733.000000        0.020442
     734.000000        0.020580
     735.000000        0.020717
     736.000000        0.020853
     737.000000        0.020989
     738.000000        0.021125
     739.000000        0.021261
     740.000000        0.021396
     741.000000        0.021368
     742.000000        0.021341
     743.000000        0.021314
     744.000000        0.021287
     745.000000        0.021261
     746.000000        0.021234
     747.000000        0.021207
     748.000000        0.021181
     749.000000        0.021154
     750.000000        0.021128
     751.000000        0.021101
     752.000000        0.021075
     753.000000        0.021049
     754.000000        0.021022
     755.000000        0.020996
     756.000000        0.020970
     757.000000        0.020945
     758.000000        0.020919
     759.000000        0.020893
     760.000000        0.020867
     761.000000        0.020842
     762.000000        0.020816
     763.000000        0.020791
     764.000000        0.020765
     765.000000        0.020740
     766.000000        0.020715
     767.000000        0.020690
     768.000000        0.020664
     769.000000        0.020639
     770.000000        0.020614
     771.000000        0.020746
     772.000000        0.020876
     773.000000        0.021007
     774.000000        0.021137
     775.000000        0.021266
     776.000000        0.021396
     777.000000        0.021525
     778.000000        0.021653
     779.000000        0.021782
     780.000000        0.021910
     781.000000        0.021884
     782.000000        0.021859
     783.000000        0.021833
     784.000000        0.021808
     785.000000        0.021783
     786.000000        0.021757
     787.000000        0.021732
     788.000000        0.021707
     789.000000        0.021682
     790.000000        0.021657
     791.000000        0.021632
     792.000000        0.021607
     793.000000        0.021581
     794.000000        0.021556
     795.000000        0.021531
     796.000000        0.021506
     797.000000        0.021481
     798.000000        0.021457
     799.000000        0.021432
     800.000000        0.021407
     801.000000        0.021383
     802.000000        0.021360
     803.000000        0.021336
     804.000000        0.021312
     805.000000        0.021289
     806.000000        0.021265
     807.000000        0.021242
     808.000000        0.021218
     809.000000        0.021195
     810.000000        0.021171
     811.000000        0.021147
     812.000000        0.021124
     813.000000        0.021100
     814.000000        0.021076
     815.000000        0.021052
     816.000000        0.021028
     817.000000        0.021005
     818.000000        0.020981
     819.000000        0.020958
     820.000000        0.020934
     821.000000        0.021058
     822.000000        0.021180
     823.000000        0.021303
     824.000000        0.021425
     825.000000        0.021547
     826.000000        0.021669
     827.000000        0.021790
     828.000000        0.021911
     829.000000        0.022032
     830.000000        0.022153
     831.000000        0.022129
     832.000000        0.022105
     833.000000        0.022081
     834.000000        0.022057
     835.000000        0.022033
     836.000000        0.022010
     837.000000        0.021986
     838.000000        0.021962
     839.000000        0.021939
     840.000000        0.021916
     841.000000        0.021892
     842.000000        0.021868
     843.000000        0.021845
     844.000000        0.021821
     845.000000        0.021798
     846.000000        0.021774
     847.000000        0.021751
     848.000000        0.021728
     849.000000        0.021704
     850.000000        0.021681
     851.000000        0.021799
     852.000000        0.021917
     853.000000        0.022035
     854.000000        0.022152
     855.000000        0.022269
     856.000000        0.022385
     857.000000        0.022502
     858.000000        0.022618
     859.000000        0.022734
     860.000000        0.022849
     861.000000        0.022826
     862.000000        0.022802
     863.000000        0.022778
     864.000000        0.022754
     865.000000        0.022730
     866.000000        0.022707
     867.000000        0.022683
     868.000000        0.022660
     869.000000        0.022636
     870.000000        0.022613
     871.000000        0.022589
     872.000000        0.022565
     873.000000        0.022542
     874.000000        0.022518
     875.000000        0.022495
     876.000000        0.022472
     877.000000        0.022448
     878.000000        0.022425
     879.000000        0.022402
     880.000000        0.022379
     881.000000        0.022493
     882.000000        0.022606
     883.000000        0.022719
     884.000000        0.022832
     885.000000        0.022945
     886.000000        0.023057
     887.000000        0.023170
     888.000000        0.023282
     889.000000        0.023393
     890.000000        0.023505
     891.000000        0.023481
     892.000000        0.023457
     893.000000        0.023433
     894.000000        0.023410
     895.000000        0.023386
     896.000000        0.023363
     897.000000        0.023339
     898.000000        0.023316
     899.000000        0.023293
     900.000000        0.023269
