Absorption at 0.00 degrees for unpolarized light
wavelength (nm)               A
     300.000000        0.080342
     301.000000        0.081651
     302.000000        0.082953
     303.000000        0.084247
     304.000000        0.085533
     305.000000        0.086811
     306.000000        0.088080
     307.000000        0.089341
     308.000000        0.090593
     309.000000        0.091837
     310.000000        0.093071
     311.000000        0.092821
     312.000000        0.092572
     313.000000        0.092322
     314.000000        0.092072
     315.000000        0.091821
     316.000000        0.091570
     317.000000        0.091318
     318.000000        0.091065
     319.000000        0.090812
     320.000000        0.090557
     321.000000        0.091722
     322.000000        0.092875
     323.000000        0.094017
     324.000000        0.095148
     325.000000        0.096267
     326.000000        0.097376
     327.000000        0.098472
     328.000000        0.099558
     329.000000        0.100633
     330.000000        0.101697
     331.000000        0.101397
     332.000000        0.101096
     333.000000        0.100794
     334.000000        0.100492
     335.000000        0.100190
     336.000000        0.099888
     337.000000        0.099585
     338.000000        0.099283
     339.000000        0.098981
     340.000000        0.098679
     341.000000        0.099688
     342.000000        0.100688
     343.000000        0.101679
     344.000000        0.102661
     345.000000        0.103635
     346.000000        0.104600
     347.000000        0.105556
     348.000000        0.106505
     349.000000        0.107446
     350.000000        0.108379
     351.000000        0.110497
     352.000000        0.112592
     353.000000        0.114663
     354.000000        0.116711
     355.000000        0.118736
     356.000000        0.120738
     357.000000        0.122718
     358.000000        0.124676
     359.000000        0.126613
     360.000000        0.128528
     361.000000        0.126797
     362.000000        0.125075
     363.000000        0.123361
     364.000000        0.121656
     365.000000        0.119960
     366.000000        0.118274
     367.000000        0.116597
     368.000000        0.114929
     369.000000        0.113272
     370.000000        0.111625
     371.000000        0.107902
     372.000000        0.104187
     373.000000        0.100479
     374.000000        0.096778
     375.000000        0.093080
     376.000000        0.089386
     377.000000        0.085695
     378.000000        0.082004
     379.000000        0.078314
     380.000000        0.074623
     381.000000        0.074578
     382.000000        0.074531
     383.000000        0.074480
     384.000000        0.074424
     385.000000        0.074361
     386.000000        0.074290
     387.000000        0.074210
     388.000000        0.074120
     389.000000        0.074021
     390.000000        0.073911
     391.000000        0.073766
     392.000000        0.073618
     393.000000        0.073468
     394.000000        0.073316
     395.000000        0.073162
     396.000000        0.073006
     397.000000        0.072848
     398.000000        0.072688
     399.000000        0.072527
     400.000000        0.072364
     401.000000        0.072198
     402.000000        0.072033
     403.000000        0.071866
     404.000000        0.071700
     405.000000        0.071533
     406.000000        0.071367
     407.000000        0.071200
     408.000000        0.071033
     409.000000        0.070866
     410.000000        0.070699
     411.000000        0.070533
     412.000000        0.070367
     413.000000        0.070201
     414.000000        0.070036
     415.000000        0.069871
     416.000000        0.069706
     417.000000        0.069542
     418.000000        0.069378
     419.000000        0.069214
     420.000000        0.069051
     421.000000        0.068889
     422.000000        0.068726
     423.000000        0.068565
     424.000000        0.068403
     425.000000        0.068243
     426.000000        0.068082
     427.000000        0.067922
     428.000000        0.067763
     429.000000        0.067604
     430.000000        0.067446
     431.000000        0.068367
     432.000000        0.069282
     433.000000        0.070192
     434.000000        0.071095
     435.000000        0.071994
     436.000000        0.072887
     437.000000        0.073774
     438.000000        0.074656
     439.000000        0.075532
     440.000000        0.076403
     441.000000        0.076227
     442.000000        0.076050
     443.000000        0.075875
     444.000000        0.075700
     445.000000        0.075525
     446.000000        0.075352
     447.000000        0.075179
     448.000000        0.075006
     449.000000        0.074834
     450.000000        0.074663
     451.000000        0.074492
     452.000000        0.074321
     453.000000        0.074151
     454.000000        0.073982
     455.000000        0.073813
     456.000000        0.073645
     457.000000        0.073478
     458.000000        0.073311
     459.000000        0.073145
     460.000000        0.072980
     461.000000        0.072814
     462.000000        0.072649
     463.000000        0.072485
     464.000000        0.072322
     465.000000        0.072159
     466.000000        0.071997
     467.000000        0.071835
     468.000000        0.071674
     469.000000        0.071515
     470.000000        0.071356
     471.000000        0.072174
     472.000000        0.072987
     473.000000        0.073797
     474.000000        0.074601
     475.000000        0.075402
     476.000000        0.076198
     477.000000        0.076990
     478.000000        0.077778
     479.000000        0.078562
     480.000000        0.079341
     481.000000        0.079171
     482.000000        0.079003
     483.000000        0.078835
     484.000000        0.078668
     485.000000        0.078502
     486.000000        0.078338
     487.000000        0.078174
     488.000000        0.078011
     489.000000        0.077849
     490.000000        0.077688
     491.000000        0.077533
     492.000000        0.077378
     493.000000        0.077225
     494.000000        0.077072
     495.000000        0.076921
     496.000000        0.076771
     497.000000        0.076621
     498.000000        0.076473
     499.000000        0.076326
     500.000000        0.076179
     501.000000        0.076034
     502.000000        0.075890
     503.000000        0.075746
     504.000000        0.075604
     505.000000        0.075463
     506.000000        0.075322
     507.000000        0.075182
     508.000000        0.075044
     509.000000        0.074906
     510.000000        0.074769
     511.000000        0.074631
     512.000000        0.074494
     513.000000        0.074358
     514.000000        0.074222
     515.000000        0.074088
     516.000000        0.073954
     517.000000        0.073821
     518.000000        0.073689
     519.000000        0.073558
     520.000000        0.073428
     521.000000        0.074173
     522.000000        0.074916
     523.000000        0.075655
     524.000000        0.076391
     525.000000        0.077125
     526.000000        0.077855
     527.000000        0.078582
     528.000000        0.079306
     529.000000        0.080027
     530.000000        0.080746
     531.000000        0.080610
     532.000000        0.080475
     533.000000        0.080341
     534.000000        0.080207
     535.000000        0.080074
     536.000000        0.079942
     537.000000        0.079811
     538.000000        0.079680
     539.000000        0.079550
     540.000000        0.079421
     541.000000        0.079292
     542.000000        0.079164
     543.000000        0.079036
     544.000000        0.078909
     545.000000        0.078783
     546.000000        0.078657
     547.000000        0.078532
     548.000000        0.078407
     549.000000        0.078283
     550.000000        0.078159
     551.000000        0.078038
     552.000000        0.077917
     553.000000        0.077796
     554.000000        0.077676
     555.000000        0.077556
     556.000000        0.077436
     557.000000        0.077317
     558.000000        0.077199
     559.000000        0.077080
     560.000000        0.076962
     561.000000        0.076844
     562.000000        0.076725
     563.000000        0.076607
     564.000000        0.076490
     565.000000        0.076372
     566.000000        0.076256
     567.000000        0.076139
     568.000000        0.076023
     569.000000        0.075907
     570.000000        0.075791
     571.000000        0.076479
     572.000000        0.077164
     573.000000        0.077846
     574.000000        0.078526
     575.000000        0.079203
     576.000000        0.079876
     577.000000        0.080548
     578.000000        0.081216
     579.000000        0.081882
     580.000000        0.082544
     581.000000        0.082420
     582.000000        0.082296
     583.000000        0.082173
     584.000000        0.082049
     585.000000        0.081926
     586.000000        0.081803
     587.000000        0.081680
     588.000000        0.081558
     589.000000        0.081435
     590.000000        0.081313
     591.000000        0.081191
     592.000000        0.081069
     593.000000        0.080947
     594.000000        0.080825
     595.000000        0.080704
     596.000000        0.080582
     597.000000        0.080461
     598.000000        0.080340
     599.000000        0.080219
     600.000000        0.080098
     601.000000        0.079977
     602.000000        0.079856
     603.000000        0.079736
     604.000000        0.079615
     605.000000        0.079495
     606.000000        0.079374
     607.000000        0.079254
     608.000000        0.079134
     609.000000        0.079014
     610.000000        0.078894
     611.000000        0.078774
     612.000000        0.078654
     613.000000        0.078534
     614.000000        0.078415
     615.000000        0.078295
     616.000000        0.078175
     617.000000        0.078056
     618.000000        0.077936
     619.000000        0.077817
     620.000000        0.077698
     621.000000        0.077578
     622.000000        0.077459
     623.000000        0.077339
     624.000000        0.077220
     625.000000        0.077100
     626.000000        0.076981
     627.000000        0.076862
     628.000000        0.076742
     629.000000        0.076623
     630.000000        0.076504
     631.000000        0.077115
     632.000000        0.077724
     633.000000        0.078330
     634.000000        0.078934
     635.000000        0.079534
     636.000000        0.080132
     637.000000        0.080728
     638.000000        0.081320
     639.000000        0.081911
     640.000000        0.082498
     641.000000        0.082369
     642.000000        0.082240
     643.000000        0.082111
     644.000000        0.081982
     645.000000        0.081853
     646.000000        0.081725
     647.000000        0.081596
     648.000000        0.081467
     649.000000        0.081339
     650.000000        0.081211
     651.000000        0.081082
     652.000000        0.080954
     653.000000        0.080826
     654.000000        0.080698
     655.000000        0.080571
     656.000000        0.080443
     657.000000        0.080315
     658.000000        0.080188
     659.000000        0.080061
     660.000000        0.079933
     661.000000        0.079807
     662.000000        0.079680
     663.000000        0.079554
     664.000000        0.079428
     665.000000        0.079301
     666.000000        0.079175
     667.000000        0.079050
     668.000000        0.078924
     669.000000        0.078798
     670.000000        0.078673
     671.000000        0.078548
     672.000000        0.078423
     673.000000        0.078298
     674.000000        0.078173
     675.000000        0.078049
     676.000000        0.077924
     677.000000        0.077800
     678.000000        0.077676
     679.000000        0.077552
     680.000000        0.077428
     681.000000        0.077977
     682.000000        0.078524
     683.000000        0.079068
     684.000000        0.079610
     685.000000        0.080149
     686.000000        0.080686
     687.000000        0.081221
     688.000000        0.081754
     689.000000        0.082284
     690.000000        0.082812
     691.000000        0.082681
     692.000000        0.082550
     693.000000        0.082419
     694.000000        0.082288
     695.000000        0.082158
     696.000000        0.082028
     697.000000        0.081898
     698.000000        0.081768
     699.000000        0.081639
     700.000000        0.081509
     701.000000        0.081381
     702.000000        0.081252
     703.000000        0.081124
     704.000000        0.080996
     705.000000        0.080868
     706.000000        0.080741
     707.000000        0.080614
     708.000000        0.080487
     709.000000        0.080361
     710.000000        0.080235
     711.000000        0.080109
     712.000000        0.079984
     713.000000        0.079858
     714.000000        0.079733
     715.000000        0.079608
     716.000000        0.079484
     717.000000        0.079360
     718.000000        0.079236
     719.000000        0.079113
     720.000000        0.078989
     721.000000        0.078867
     722.000000        0.078744
     723.000000        0.078622
     724.000000        0.078500
     725.000000        0.078378
     726.000000        0.078257
     727.000000        0.078136
     728.000000        0.078016
     729.000000        0.077895
     730.000000        0.077776
     731.000000        0.078276
     732.000000        0.078774
     733.000000        0.079271
     734.000000        0.079766
     735.000000        0.080259
     736.000000        0.080750
     737.000000        0.081239
     738.000000        0.081727
     739.000000        0.082212
     740.000000        0.082696
     741.000000        0.082572
     742.000000        0.082447
     743.000000        0.082323
     744.000000        0.082200
     745.000000        0.082076
     746.000000        0.081954
     747.000000        0.081831
     748.000000        0.081709
     749.000000        0.081588
     750.000000        0.081466
     751.000000        0.081345
     752.000000        0.081225
     753.000000        0.081105
     754.000000        0.080985
     755.000000        0.080866
     756.000000        0.080747
     757.000000        0.080628
     758.000000        0.080510
     759.000000        0.080393
     760.000000        0.080275
     761.000000        0.080158
     762.000000        0.080042
     763.000000        0.079926
     764.000000        0.079810
     765.000000        0.079695
     766.000000        0.079580
     767.000000        0.079465
     768.000000        0.079351
     769.000000        0.079237
     770.000000        0.079124
     771.000000        0.079594
     772.000000        0.080062
     773.000000        0.080528
     774.000000        0.080993
     775.000000        0.081456
     776.000000        0.081918
     777.000000        0.082379
     778.000000        0.082838
     779.000000        0.083295
     780.000000        0.083751
     781.000000        0.083636
     782.000000        0.083522
     783.000000        0.083408
     784.000000        0.083295
     785.000000        0.083182
     786.000000        0.083070
     787.000000        0.082958
     788.000000        0.082846
     789.000000        0.082735
     790.000000        0.082624
     791.000000        0.082512
     792.000000        0.082401
     793.000000        0.082290
     794.000000        0.082179
     795.000000        0.082069
     796.000000        0.081959
     797.000000        0.081849
     798.000000        0.081740
     799.000000        0.081631
     800.000000        0.081523
     801.000000        0.081419
     802.000000        0.081316
     803.000000        0.081213
     804.000000        0.081110
     805.000000        0.081008
     806.000000        0.080907
     807.000000        0.080806
     808.000000        0.080705
     809.000000        0.080605
     810.000000        0.080505
     811.000000        0.080402
     812.000000        0.080299
     813.000000        0.080196
     814.000000        0.080094
     815.000000        0.079992
     816.000000        0.079890
     817.000000        0.079789
     818.000000        0.079689
     819.000000        0.079588
     820.000000        0.079488
     821.000000        0.079930
     822.000000        0.080371
     823.000000        0.080810
     824.000000        0.081248
     825.000000        0.081685
     826.000000        0.082121
     827.000000        0.082555
     828.000000        0.082988
     829.000000        0.083420
     830.000000        0.083851
     831.000000        0.083751
     832.000000        0.083652
     833.000000        0.083553
     834.000000        0.083455
     835.000000        0.083357
     836.000000        0.083260
     837.000000        0.083163
     838.000000        0.083066
     839.000000        0.082970
     840.000000        0.082874
     841.000000        0.082776
     842.000000        0.082678
     843.000000        0.082581
     844.000000        0.082484
     845.000000        0.082388
     846.000000        0.082292
     847.000000        0.082196
     848.000000        0.082101
     849.000000        0.082006
     850.000000        0.081912
     851.000000        0.082335
     852.000000        0.082756
     853.000000        0.083177
     854.000000        0.083596
     855.000000        0.084015
     856.000000        0.084432
     857.000000        0.084848
     858.000000        0.085263
     859.000000        0.085677
     860.000000        0.086089
     861.000000        0.085993
     862.000000        0.085898
     863.000000        0.085802
     864.000000        0.085707
     865.000000        0.085613
     866.000000        0.085519
     867.000000        0.085425
     868.000000        0.085331
     869.000000        0.085238
     870.000000        0.085145
     871.000000        0.085050
     872.000000        0.084955
     873.000000        0.084861
     874.000000        0.084767
     875.000000        0.084673
     876.000000        0.084580
     877.000000        0.084487
     878.000000        0.084394
     879.000000        0.084302
     880.000000        0.084210
     881.000000        0.084618
     882.000000        0.085025
     883.000000        0.085431
     884.000000        0.085836
     885.000000        0.086240
     886.000000        0.086643
     887.000000        0.087045
     888.000000        0.087446
     889.000000        0.087846
     890.000000        0.088245
     891.000000        0.088151
     892.000000        0.088058
     893.000000        0.087966
     894.000000        0.087873
     895.000000        0.087781
     896.000000        0.087690
     897.000000        0.087598
     898.000000        0.087507
     899.000000        0.087417
     900.000000        0.087326
Transmission at 0.00 degrees for unpolarized light
wavelength (nm)               T
     300.000000        0.838955
     301.000000        0.838166
     302.000000        0.837405
     303.000000        0.836670
     304.000000        0.835956
     305.000000        0.835261
     306.000000        0.834581
     307.000000        0.833913
     308.000000        0.833255
     309.000000        0.832603
     310.000000        0.831956
     311.000000        0.832596
     312.000000        0.833225
     313.000000        0.833841
     314.000000        0.834443
     315.000000        0.835028
     316.000000        0.835595
     317.000000        0.836144
     318.000000        0.836673
     319.000000        0.837182
     320.000000        0.837669
     321.000000        0.836764
     322.000000        0.835845
     323.000000        0.834910
     324.000000        0.833959
     325.000000        0.832992
     326.000000        0.832010
     327.000000        0.831012
     328.000000        0.829999
     329.000000        0.828972
     330.000000        0.827930
     331.000000        0.828212
     332.000000        0.828472
     333.000000        0.828711
     334.000000        0.828930
     335.000000        0.829129
     336.000000        0.829310
     337.000000        0.829472
     338.000000        0.829617
     339.000000        0.829746
     340.000000        0.829859
     341.000000        0.828615
     342.000000        0.827367
     343.000000        0.826116
     344.000000        0.824863
     345.000000        0.823609
     346.000000        0.822355
     347.000000        0.821102
     348.000000        0.819851
     349.000000        0.818603
     350.000000        0.817358
     351.000000        0.814449
     352.000000        0.811555
     353.000000        0.808677
     354.000000        0.805813
     355.000000        0.802964
     356.000000        0.800130
     357.000000        0.797311
     358.000000        0.794507
     359.000000        0.791717
     360.000000        0.788941
     361.000000        0.789070
     362.000000        0.789172
     363.000000        0.789248
     364.000000        0.789298
     365.000000        0.789325
     366.000000        0.789331
     367.000000        0.789315
     368.000000        0.789280
     369.000000        0.789227
     370.000000        0.789158
     371.000000        0.792774
     372.000000        0.796449
     373.000000        0.800180
     374.000000        0.803968
     375.000000        0.807809
     376.000000        0.811702
     377.000000        0.815644
     378.000000        0.819632
     379.000000        0.823664
     380.000000        0.827735
     381.000000        0.829368
     382.000000        0.831006
     383.000000        0.832629
     384.000000        0.834220
     385.000000        0.835763
     386.000000        0.837243
     387.000000        0.838650
     388.000000        0.839972
     389.000000        0.841203
     390.000000        0.842338
     391.000000        0.842976
     392.000000        0.843590
     393.000000        0.844179
     394.000000        0.844743
     395.000000        0.845281
     396.000000        0.845793
     397.000000        0.846279
     398.000000        0.846741
     399.000000        0.847178
     400.000000        0.847591
     401.000000        0.847933
     402.000000        0.848264
     403.000000        0.848583
     404.000000        0.848891
     405.000000        0.849189
     406.000000        0.849475
     407.000000        0.849752
     408.000000        0.850018
     409.000000        0.850275
     410.000000        0.850523
     411.000000        0.850755
     412.000000        0.850980
     413.000000        0.851198
     414.000000        0.851411
     415.000000        0.851617
     416.000000        0.851817
     417.000000        0.852012
     418.000000        0.852201
     419.000000        0.852385
     420.000000        0.852563
     421.000000        0.852733
     422.000000        0.852899
     423.000000        0.853059
     424.000000        0.853214
     425.000000        0.853364
     426.000000        0.853510
     427.000000        0.853650
     428.000000        0.853787
     429.000000        0.853918
     430.000000        0.854046
     431.000000        0.853170
     432.000000        0.852296
     433.000000        0.851423
     434.000000        0.850550
     435.000000        0.849680
     436.000000        0.848810
     437.000000        0.847941
     438.000000        0.847074
     439.000000        0.846208
     440.000000        0.845344
     441.000000        0.845437
     442.000000        0.845527
     443.000000        0.845612
     444.000000        0.845693
     445.000000        0.845770
     446.000000        0.845843
     447.000000        0.845913
     448.000000        0.845979
     449.000000        0.846042
     450.000000        0.846101
     451.000000        0.846149
     452.000000        0.846192
     453.000000        0.846233
     454.000000        0.846269
     455.000000        0.846303
     456.000000        0.846334
     457.000000        0.846362
     458.000000        0.846387
     459.000000        0.846410
     460.000000        0.846431
     461.000000        0.846437
     462.000000        0.846440
     463.000000        0.846440
     464.000000        0.846439
     465.000000        0.846435
     466.000000        0.846429
     467.000000        0.846422
     468.000000        0.846413
     469.000000        0.846403
     470.000000        0.846391
     471.000000        0.845483
     472.000000        0.844579
     473.000000        0.843679
     474.000000        0.842782
     475.000000        0.841890
     476.000000        0.841002
     477.000000        0.840118
     478.000000        0.839238
     479.000000        0.838363
     480.000000        0.837493
     481.000000        0.837495
     482.000000        0.837499
     483.000000        0.837503
     484.000000        0.837508
     485.000000        0.837514
     486.000000        0.837521
     487.000000        0.837530
     488.000000        0.837540
     489.000000        0.837552
     490.000000        0.837566
     491.000000        0.837622
     492.000000        0.837682
     493.000000        0.837744
     494.000000        0.837809
     495.000000        0.837877
     496.000000        0.837949
     497.000000        0.838023
     498.000000        0.838101
     499.000000        0.838182
     500.000000        0.838266
     501.000000        0.838353
     502.000000        0.838444
     503.000000        0.838538
     504.000000        0.838636
     505.000000        0.838737
     506.000000        0.838841
     507.000000        0.838949
     508.000000        0.839060
     509.000000        0.839174
     510.000000        0.839293
     511.000000        0.839391
     512.000000        0.839493
     513.000000        0.839598
     514.000000        0.839707
     515.000000        0.839819
     516.000000        0.839934
     517.000000        0.840053
     518.000000        0.840175
     519.000000        0.840300
     520.000000        0.840429
     521.000000        0.839722
     522.000000        0.839022
     523.000000        0.838328
     524.000000        0.837641
     525.000000        0.836960
     526.000000        0.836285
     527.000000        0.835617
     528.000000        0.834954
     529.000000        0.834299
     530.000000        0.833649
     531.000000        0.833825
     532.000000        0.834005
     533.000000        0.834187
     534.000000        0.834372
     535.000000        0.834560
     536.000000        0.834751
     537.000000        0.834944
     538.000000        0.835140
     539.000000        0.835339
     540.000000        0.835540
     541.000000        0.835743
     542.000000        0.835947
     543.000000        0.836154
     544.000000        0.836363
     545.000000        0.836574
     546.000000        0.836788
     547.000000        0.837004
     548.000000        0.837221
     549.000000        0.837441
     550.000000        0.837662
     551.000000        0.837906
     552.000000        0.838150
     553.000000        0.838396
     554.000000        0.838643
     555.000000        0.838891
     556.000000        0.839140
     557.000000        0.839390
     558.000000        0.839641
     559.000000        0.839892
     560.000000        0.840144
     561.000000        0.840380
     562.000000        0.840616
     563.000000        0.840853
     564.000000        0.841091
     565.000000        0.841329
     566.000000        0.841568
     567.000000        0.841808
     568.000000        0.842048
     569.000000        0.842288
     570.000000        0.842528
     571.000000        0.842013
     572.000000        0.841500
     573.000000        0.840990
     574.000000        0.840482
     575.000000        0.839977
     576.000000        0.839475
     577.000000        0.838975
     578.000000        0.838478
     579.000000        0.837982
     580.000000        0.837490
     581.000000        0.837738
     582.000000        0.837986
     583.000000        0.838233
     584.000000        0.838479
     585.000000        0.838724
     586.000000        0.838969
     587.000000        0.839212
     588.000000        0.839455
     589.000000        0.839696
     590.000000        0.839936
     591.000000        0.840174
     592.000000        0.840412
     593.000000        0.840648
     594.000000        0.840882
     595.000000        0.841115
     596.000000        0.841347
     597.000000        0.841577
     598.000000        0.841805
     599.000000        0.842031
     600.000000        0.842256
     601.000000        0.842478
     602.000000        0.842699
     603.000000        0.842918
     604.000000        0.843134
     605.000000        0.843349
     606.000000        0.843562
     607.000000        0.843772
     608.000000        0.843980
     609.000000        0.844186
     610.000000        0.844390
     611.000000        0.844591
     612.000000        0.844790
     613.000000        0.844986
     614.000000        0.845180
     615.000000        0.845371
     616.000000        0.845560
     617.000000        0.845746
     618.000000        0.845930
     619.000000        0.846111
     620.000000        0.846290
     621.000000        0.846469
     622.000000        0.846646
     623.000000        0.846819
     624.000000        0.846990
     625.000000        0.847157
     626.000000        0.847321
     627.000000        0.847482
     628.000000        0.847640
     629.000000        0.847795
     630.000000        0.847946
     631.000000        0.847408
     632.000000        0.846869
     633.000000        0.846331
     634.000000        0.845792
     635.000000        0.845253
     636.000000        0.844714
     637.000000        0.844175
     638.000000        0.843636
     639.000000        0.843096
     640.000000        0.842557
     641.000000        0.842686
     642.000000        0.842812
     643.000000        0.842935
     644.000000        0.843055
     645.000000        0.843172
     646.000000        0.843285
     647.000000        0.843395
     648.000000        0.843502
     649.000000        0.843607
     650.000000        0.843707
     651.000000        0.843805
     652.000000        0.843900
     653.000000        0.843992
     654.000000        0.844081
     655.000000        0.844166
     656.000000        0.844249
     657.000000        0.844329
     658.000000        0.844405
     659.000000        0.844479
     660.000000        0.844550
     661.000000        0.844618
     662.000000        0.844683
     663.000000        0.844745
     664.000000        0.844804
     665.000000        0.844860
     666.000000        0.844914
     667.000000        0.844964
     668.000000        0.845012
     669.000000        0.845058
     670.000000        0.845100
     671.000000        0.845140
     672.000000        0.845178
     673.000000        0.845212
     674.000000        0.845244
     675.000000        0.845274
     676.000000        0.845300
     677.000000        0.845325
     678.000000        0.845346
     679.000000        0.845365
     680.000000        0.845382
     681.000000        0.844775
     682.000000        0.844167
     683.000000        0.843560
     684.000000        0.842953
     685.000000        0.842347
     686.000000        0.841740
     687.000000        0.841134
     688.000000        0.840529
     689.000000        0.839923
     690.000000        0.839318
     691.000000        0.839320
     692.000000        0.839319
     693.000000        0.839317
     694.000000        0.839312
     695.000000        0.839305
     696.000000        0.839296
     697.000000        0.839285
     698.000000        0.839272
     699.000000        0.839257
     700.000000        0.839240
     701.000000        0.839223
     702.000000        0.839205
     703.000000        0.839185
     704.000000        0.839163
     705.000000        0.839140
     706.000000        0.839115
     707.000000        0.839089
     708.000000        0.839061
     709.000000        0.839032
     710.000000        0.839001
     711.000000        0.838966
     712.000000        0.838928
     713.000000        0.838890
     714.000000        0.838850
     715.000000        0.838808
     716.000000        0.838765
     717.000000        0.838720
     718.000000        0.838674
     719.000000        0.838627
     720.000000        0.838578
     721.000000        0.838528
     722.000000        0.838477
     723.000000        0.838425
     724.000000        0.838371
     725.000000        0.838316
     726.000000        0.838260
     727.000000        0.838203
     728.000000        0.838145
     729.000000        0.838086
     730.000000        0.838026
     731.000000        0.837404
     732.000000        0.836785
     733.000000        0.836166
     734.000000        0.835550
     735.000000        0.834935
     736.000000        0.834321
     737.000000        0.833710
     738.000000        0.833100
     739.000000        0.832491
     740.000000        0.831885
     741.000000        0.831826
     742.000000        0.831766
     743.000000        0.831705
     744.000000        0.831644
     745.000000        0.831582
     746.000000        0.831520
     747.000000        0.831457
     748.000000        0.831393
     749.000000        0.831329
     750.000000        0.831265
     751.000000        0.831200
     752.000000        0.831135
     753.000000        0.831069
     754.000000        0.831003
     755.000000        0.830936
     756.000000        0.830869
     757.000000        0.830802
     758.000000        0.830735
     759.000000        0.830667
     760.000000        0.830599
     761.000000        0.830531
     762.000000        0.830463
     763.000000        0.830394
     764.000000        0.830326
     765.000000        0.830257
     766.000000        0.830188
     767.000000        0.830120
     768.000000        0.830051
     769.000000        0.829982
     770.000000        0.829913
     771.000000        0.829328
     772.000000        0.828745
     773.000000        0.828164
     774.000000        0.827585
     775.000000        0.827009
     776.000000        0.826434
     777.000000        0.825862
     778.000000        0.825293
     779.000000        0.824725
     780.000000        0.824160
     781.000000        0.824115
     782.000000        0.824071
     783.000000        0.824027
     784.000000        0.823984
     785.000000        0.823942
     786.000000        0.823900
     787.000000        0.823858
     788.000000        0.823818
     789.000000        0.823778
     790.000000        0.823738
     791.000000        0.823684
     792.000000        0.823631
     793.000000        0.823577
     794.000000        0.823524
     795.000000        0.823472
     796.000000        0.823420
     797.000000        0.823368
     798.000000        0.823317
     799.000000        0.823267
     800.000000        0.823217
     801.000000        0.823201
     802.000000        0.823187
     803.000000        0.823174
     804.000000        0.823161
     805.000000        0.823150
     806.000000        0.823141
     807.000000        0.823132
     808.000000        0.823125
     809.000000        0.823119
     810.000000        0.823114
     811.000000        0.823073
     812.000000        0.823033
     813.000000        0.822993
     814.000000        0.822955
     815.000000        0.822916
     816.000000        0.822879
     817.000000        0.822842
     818.000000        0.822807
     819.000000        0.822771
     820.000000        0.822737
     821.000000        0.822210
     822.000000        0.821685
     823.000000        0.821162
     824.000000        0.820641
     825.000000        0.820122
     826.000000        0.819606
     827.000000        0.819092
     828.000000        0.818580
     829.000000        0.818070
     830.000000        0.817562
     831.000000        0.817563
     832.000000        0.817564
     833.000000        0.817567
     834.000000        0.817570
     835.000000        0.817575
     836.000000        0.817581
     837.000000        0.817587
     838.000000        0.817595
     839.000000        0.817604
     840.000000        0.817614
     841.000000        0.817603
     842.000000        0.817593
     843.000000        0.817584
     844.000000        0.817576
     845.000000        0.817569
     846.000000        0.817562
     847.000000        0.817557
     848.000000        0.817552
     849.000000        0.817549
     850.000000        0.817546
     851.000000        0.817046
     852.000000        0.816547
     853.000000        0.816051
     854.000000        0.815557
     855.000000        0.815065
     856.000000        0.814575
     857.000000        0.814086
     858.000000        0.813600
     859.000000        0.813116
     860.000000        0.812634
     861.000000        0.812645
     862.000000        0.812657
     863.000000        0.812670
     864.000000        0.812684
     865.000000        0.812699
     866.000000        0.812714
     867.000000        0.812731
     868.000000        0.812749
     869.000000        0.812768
     870.000000        0.812787
     871.000000        0.812784
     872.000000        0.812781
     873.000000        0.812779
     874.000000        0.812777
     875.000000        0.812777
     876.000000        0.812777
     877.000000        0.812778
     878.000000        0.812780
     879.000000        0.812783
     880.000000        0.812787
     881.000000        0.812332
     882.000000        0.811880
     883.000000        0.811429
     884.000000        0.810980
     885.000000        0.810533
     886.000000        0.810088
     887.000000        0.809645
     888.000000        0.809204
     889.000000        0.808765
     890.000000        0.808328
     891.000000        0.808345
     892.000000        0.808363
     893.000000        0.808381
     894.000000        0.808401
     895.000000        0.808422
     896.000000        0.808443
     897.000000        0.808465
     898.000000        0.808488
     899.000000        0.808512
     900.000000        0.808537
Reflection at 0.00 degrees for unpolarized light
wavelength (nm)               R
     300.000000        0.080704
     301.000000        0.080183
     302.000000        0.079642
     303.000000        0.079084
     304.000000        0.078511
     305.000000        0.077929
     306.000000        0.077339
     307.000000        0.076746
     308.000000        0.076152
     309.000000        0.075560
     310.000000        0.074973
     311.000000        0.074582
     312.000000        0.074203
     313.000000        0.073837
     314.000000        0.073485
     315.000000        0.073151
     316.000000        0.072834
     317.000000        0.072537
     318.000000        0.072261
     319.000000        0.072006
     320.000000        0.071774
     321.000000        0.071514
     322.000000        0.071280
     323.000000        0.071073
     324.000000        0.070893
     325.000000        0.070741
     326.000000        0.070615
     327.000000        0.070516
     328.000000        0.070442
     329.000000        0.070395
     330.000000        0.070373
     331.000000        0.070391
     332.000000        0.070432
     333.000000        0.070495
     334.000000        0.070578
     335.000000        0.070681
     336.000000        0.070803
     337.000000        0.070943
     338.000000        0.071100
     339.000000        0.071274
     340.000000        0.071462
     341.000000        0.071697
     342.000000        0.071945
     343.000000        0.072205
     344.000000        0.072476
     345.000000        0.072756
     346.000000        0.073045
     347.000000        0.073341
     348.000000        0.073644
     349.000000        0.073952
     350.000000        0.074263
     351.000000        0.075054
     352.000000        0.075853
     353.000000        0.076661
     354.000000        0.077476
     355.000000        0.078300
     356.000000        0.079132
     357.000000        0.079971
     358.000000        0.080817
     359.000000        0.081671
     360.000000        0.082531
     361.000000        0.084133
     362.000000        0.085753
     363.000000        0.087391
     364.000000        0.089046
     365.000000        0.090714
     366.000000        0.092396
     367.000000        0.094089
     368.000000        0.095791
     369.000000        0.097501
     370.000000        0.099217
     371.000000        0.099324
     372.000000        0.099364
     373.000000        0.099340
     374.000000        0.099255
     375.000000        0.099111
     376.000000        0.098912
     377.000000        0.098662
     378.000000        0.098364
     379.000000        0.098023
     380.000000        0.097642
     381.000000        0.096054
     382.000000        0.094463
     383.000000        0.092891
     384.000000        0.091356
     385.000000        0.089876
     386.000000        0.088467
     387.000000        0.087140
     388.000000        0.085907
     389.000000        0.084776
     390.000000        0.083751
     391.000000        0.083258
     392.000000        0.082792
     393.000000        0.082353
     394.000000        0.081941
     395.000000        0.081557
     396.000000        0.081201
     397.000000        0.080873
     398.000000        0.080571
     399.000000        0.080295
     400.000000        0.080045
     401.000000        0.079868
     402.000000        0.079703
     403.000000        0.079550
     404.000000        0.079409
     405.000000        0.079278
     406.000000        0.079158
     407.000000        0.079049
     408.000000        0.078949
     409.000000        0.078859
     410.000000        0.078777
     411.000000        0.078712
     412.000000        0.078653
     413.000000        0.078600
     414.000000        0.078553
     415.000000        0.078512
     416.000000        0.078476
     417.000000        0.078446
     418.000000        0.078421
     419.000000        0.078401
     420.000000        0.078386
     421.000000        0.078378
     422.000000        0.078375
     423.000000        0.078376
     424.000000        0.078383
     425.000000        0.078393
     426.000000        0.078408
     427.000000        0.078427
     428.000000        0.078450
     429.000000        0.078478
     430.000000        0.078509
     431.000000        0.078463
     432.000000        0.078422
     433.000000        0.078386
     434.000000        0.078354
     435.000000        0.078327
     436.000000        0.078303
     437.000000        0.078285
     438.000000        0.078270
     439.000000        0.078260
     440.000000        0.078253
     441.000000        0.078336
     442.000000        0.078423
     443.000000        0.078513
     444.000000        0.078607
     445.000000        0.078705
     446.000000        0.078805
     447.000000        0.078908
     448.000000        0.079015
     449.000000        0.079124
     450.000000        0.079235
     451.000000        0.079359
     452.000000        0.079486
     453.000000        0.079616
     454.000000        0.079749
     455.000000        0.079883
     456.000000        0.080021
     457.000000        0.080160
     458.000000        0.080301
     459.000000        0.080444
     460.000000        0.080589
     461.000000        0.080749
     462.000000        0.080911
     463.000000        0.081074
     464.000000        0.081240
     465.000000        0.081406
     466.000000        0.081574
     467.000000        0.081743
     468.000000        0.081913
     469.000000        0.082083
     470.000000        0.082254
     471.000000        0.082343
     472.000000        0.082434
     473.000000        0.082525
     474.000000        0.082616
     475.000000        0.082708
     476.000000        0.082800
     477.000000        0.082892
     478.000000        0.082984
     479.000000        0.083075
     480.000000        0.083166
     481.000000        0.083333
     482.000000        0.083499
     483.000000        0.083662
     484.000000        0.083824
     485.000000        0.083984
     486.000000        0.084141
     487.000000        0.084296
     488.000000        0.084449
     489.000000        0.084599
     490.000000        0.084746
     491.000000        0.084845
     492.000000        0.084940
     493.000000        0.085031
     494.000000        0.085118
     495.000000        0.085202
     496.000000        0.085281
     497.000000        0.085355
     498.000000        0.085426
     499.000000        0.085493
     500.000000        0.085555
     501.000000        0.085613
     502.000000        0.085666
     503.000000        0.085715
     504.000000        0.085760
     505.000000        0.085801
     506.000000        0.085837
     507.000000        0.085869
     508.000000        0.085896
     509.000000        0.085919
     510.000000        0.085938
     511.000000        0.085978
     512.000000        0.086013
     513.000000        0.086044
     514.000000        0.086071
     515.000000        0.086094
     516.000000        0.086112
     517.000000        0.086126
     518.000000        0.086136
     519.000000        0.086142
     520.000000        0.086143
     521.000000        0.086104
     522.000000        0.086062
     523.000000        0.086017
     524.000000        0.085968
     525.000000        0.085916
     526.000000        0.085860
     527.000000        0.085802
     528.000000        0.085739
     529.000000        0.085674
     530.000000        0.085605
     531.000000        0.085565
     532.000000        0.085520
     533.000000        0.085472
     534.000000        0.085421
     535.000000        0.085366
     536.000000        0.085307
     537.000000        0.085245
     538.000000        0.085180
     539.000000        0.085111
     540.000000        0.085039
     541.000000        0.084965
     542.000000        0.084889
     543.000000        0.084810
     544.000000        0.084728
     545.000000        0.084643
     546.000000        0.084555
     547.000000        0.084465
     548.000000        0.084372
     549.000000        0.084276
     550.000000        0.084178
     551.000000        0.084056
     552.000000        0.083933
     553.000000        0.083808
     554.000000        0.083681
     555.000000        0.083553
     556.000000        0.083423
     557.000000        0.083292
     558.000000        0.083160
     559.000000        0.083027
     560.000000        0.082893
     561.000000        0.082777
     562.000000        0.082659
     563.000000        0.082540
     564.000000        0.082419
     565.000000        0.082298
     566.000000        0.082176
     567.000000        0.082053
     568.000000        0.081930
     569.000000        0.081805
     570.000000        0.081680
     571.000000        0.081508
     572.000000        0.081336
     573.000000        0.081164
     574.000000        0.080992
     575.000000        0.080820
     576.000000        0.080648
     577.000000        0.080477
     578.000000        0.080306
     579.000000        0.080136
     580.000000        0.079966
     581.000000        0.079842
     582.000000        0.079718
     583.000000        0.079595
     584.000000        0.079472
     585.000000        0.079350
     586.000000        0.079228
     587.000000        0.079108
     588.000000        0.078988
     589.000000        0.078869
     590.000000        0.078751
     591.000000        0.078635
     592.000000        0.078519
     593.000000        0.078405
     594.000000        0.078292
     595.000000        0.078181
     596.000000        0.078071
     597.000000        0.077962
     598.000000        0.077855
     599.000000        0.077750
     600.000000        0.077647
     601.000000        0.077545
     602.000000        0.077445
     603.000000        0.077347
     604.000000        0.077250
     605.000000        0.077156
     606.000000        0.077064
     607.000000        0.076974
     608.000000        0.076886
     609.000000        0.076800
     610.000000        0.076717
     611.000000        0.076635
     612.000000        0.076556
     613.000000        0.076480
     614.000000        0.076405
     615.000000        0.076334
     616.000000        0.076264
     617.000000        0.076198
     618.000000        0.076133
     619.000000        0.076072
     620.000000        0.076013
     621.000000        0.075953
     622.000000        0.075896
     623.000000        0.075842
     624.000000        0.075791
     625.000000        0.075743
     626.000000        0.075698
     627.000000        0.075656
     628.000000        0.075618
     629.000000        0.075582
     630.000000        0.075550
     631.000000        0.075477
     632.000000        0.075407
     633.000000        0.075339
     634.000000        0.075275
     635.000000        0.075213
     636.000000        0.075154
     637.000000        0.075097
     638.000000        0.075044
     639.000000        0.074993
     640.000000        0.074945
     641.000000        0.074945
     642.000000        0.074948
     643.000000        0.074954
     644.000000        0.074963
     645.000000        0.074975
     646.000000        0.074990
     647.000000        0.075009
     648.000000        0.075030
     649.000000        0.075054
     650.000000        0.075082
     651.000000        0.075112
     652.000000        0.075146
     653.000000        0.075182
     654.000000        0.075221
     655.000000        0.075263
     656.000000        0.075308
     657.000000        0.075356
     658.000000        0.075407
     659.000000        0.075460
     660.000000        0.075516
     661.000000        0.075575
     662.000000        0.075637
     663.000000        0.075702
     664.000000        0.075769
     665.000000        0.075838
     666.000000        0.075911
     667.000000        0.075986
     668.000000        0.076064
     669.000000        0.076144
     670.000000        0.076227
     671.000000        0.076312
     672.000000        0.076400
     673.000000        0.076490
     674.000000        0.076583
     675.000000        0.076678
     676.000000        0.076776
     677.000000        0.076876
     678.000000        0.076978
     679.000000        0.077083
     680.000000        0.077190
     681.000000        0.077248
     682.000000        0.077309
     683.000000        0.077372
     684.000000        0.077437
     685.000000        0.077504
     686.000000        0.077573
     687.000000        0.077644
     688.000000        0.077718
     689.000000        0.077793
     690.000000        0.077870
     691.000000        0.077999
     692.000000        0.078131
     693.000000        0.078264
     694.000000        0.078400
     695.000000        0.078537
     696.000000        0.078676
     697.000000        0.078817
     698.000000        0.078960
     699.000000        0.079104
     700.000000        0.079251
     701.000000        0.079396
     702.000000        0.079543
     703.000000        0.079691
     704.000000        0.079841
     705.000000        0.079992
     706.000000        0.080144
     707.000000        0.080297
     708.000000        0.080452
     709.000000        0.080607
     710.000000        0.080764
     711.000000        0.080925
     712.000000        0.081088
     713.000000        0.081252
     714.000000        0.081417
     715.000000        0.081584
     716.000000        0.081751
     717.000000        0.081920
     718.000000        0.082090
     719.000000        0.082260
     720.000000        0.082432
     721.000000        0.082605
     722.000000        0.082779
     723.000000        0.082953
     724.000000        0.083129
     725.000000        0.083305
     726.000000        0.083482
     727.000000        0.083660
     728.000000        0.083839
     729.000000        0.084019
     730.000000        0.084199
     731.000000        0.084320
     732.000000        0.084441
     733.000000        0.084563
     734.000000        0.084685
     735.000000        0.084807
     736.000000        0.084929
     737.000000        0.085051
     738.000000        0.085174
     739.000000        0.085296
     740.000000        0.085419
     741.000000        0.085603
     742.000000        0.085787
     743.000000        0.085972
     744.000000        0.086156
     745.000000        0.086341
     746.000000        0.086527
     747.000000        0.086712
     748.000000        0.086897
     749.000000        0.087083
     750.000000        0.087269
     751.000000        0.087455
     752.000000        0.087641
     753.000000        0.087826
     754.000000        0.088012
     755.000000        0.088198
     756.000000        0.088384
     757.000000        0.088569
     758.000000        0.088755
     759.000000        0.088940
     760.000000        0.089126
     761.000000        0.089311
     762.000000        0.089495
     763.000000        0.089680
     764.000000        0.089864
     765.000000        0.090048
     766.000000        0.090232
     767.000000        0.090415
     768.000000        0.090598
     769.000000        0.090781
     770.000000        0.090963
     771.000000        0.091079
     772.000000        0.091194
     773.000000        0.091308
     774.000000        0.091422
     775.000000        0.091535
     776.000000        0.091647
     777.000000        0.091759
     778.000000        0.091870
     779.000000        0.091980
     780.000000        0.092089
     781.000000        0.092249
     782.000000        0.092407
     783.000000        0.092565
     784.000000        0.092721
     785.000000        0.092876
     786.000000        0.093031
     787.000000        0.093184
     788.000000        0.093336
     789.000000        0.093487
     790.000000        0.093637
     791.000000        0.093803
     792.000000        0.093969
     793.000000        0.094133
     794.000000        0.094297
     795.000000        0.094459
     796.000000        0.094621
     797.000000        0.094782
     798.000000        0.094942
     799.000000        0.095102
     800.000000        0.095260
     801.000000        0.095379
     802.000000        0.095497
     803.000000        0.095614
     804.000000        0.095728
     805.000000        0.095841
     806.000000        0.095952
     807.000000        0.096062
     808.000000        0.096170
     809.000000        0.096277
     810.000000        0.096381
     811.000000        0.096526
     812.000000        0.096669
     813.000000        0.096811
     814.000000        0.096952
     815.000000        0.097092
     816.000000        0.097231
     817.000000        0.097368
     818.000000        0.097505
     819.000000        0.097640
     820.000000        0.097775
     821.000000        0.097860
     822.000000        0.097945
     823.000000        0.098028
     824.000000        0.098111
     825.000000        0.098193
     826.000000        0.098273
     827.000000        0.098353
     828.000000        0.098432
     829.000000        0.098510
     830.000000        0.098587
     831.000000        0.098686
     832.000000        0.098784
     833.000000        0.098880
     834.000000        0.098975
     835.000000        0.099068
     836.000000        0.099160
     837.000000        0.099250
     838.000000        0.099339
     839.000000        0.099426
     840.000000        0.099512
     841.000000        0.099621
     842.000000        0.099728
     843.000000        0.099835
     844.000000        0.099939
     845.000000        0.100043
     846.000000        0.100146
     847.000000        0.100247
     848.000000        0.100347
     849.000000        0.100445
     850.000000        0.100542
     851.000000        0.100620
     852.000000        0.100696
     853.000000        0.100772
     854.000000        0.100847
     855.000000        0.100920
     856.000000        0.100993
     857.000000        0.101066
     858.000000        0.101137
     859.000000        0.101207
     860.000000        0.101277
     861.000000        0.101362
     862.000000        0.101446
     863.000000        0.101528
     864.000000        0.101609
     865.000000        0.101689
     866.000000        0.101767
     867.000000        0.101844
     868.000000        0.101920
     869.000000        0.101994
     870.000000        0.102067
     871.000000        0.102166
     872.000000        0.102264
     873.000000        0.102360
     874.000000        0.102456
     875.000000        0.102550
     876.000000        0.102643
     877.000000        0.102735
     878.000000        0.102825
     879.000000        0.102915
     880.000000        0.103003
     881.000000        0.103050
     882.000000        0.103095
     883.000000        0.103140
     884.000000        0.103184
     885.000000        0.103227
     886.000000        0.103269
     887.000000        0.103310
     888.000000        0.103350
     889.000000        0.103390
     890.000000        0.103428
     891.000000        0.103504
     892.000000        0.103579
     893.000000        0.103653
     894.000000        0.103726
     895.000000        0.103797
     896.000000        0.103867
     897.000000        0.103937
     898.000000        0.104004
     899.000000        0.104071
     900.000000        0.104137
