Absorption at 0.00 degrees for unpolarized light
wavelength (nm)               A
     300.000000        0.010615
     301.000000        0.010786
     302.000000        0.010955
     303.000000        0.011124
     304.000000        0.011290
     305.000000        0.011456
     306.000000        0.011620
     307.000000        0.011784
     308.000000        0.011946
     309.000000        0.012106
     310.000000        0.012266
     311.000000        0.012222
     312.000000        0.012178
     313.000000        0.012135
     314.000000        0.012092
     315.000000        0.012049
     316.000000        0.012007
     317.000000        0.011965
     318.000000        0.011924
     319.000000        0.011882
     320.000000        0.011841
     321.000000        0.011995
     322.000000        0.012147
     323.000000        0.012298
     324.000000        0.012449
     325.000000        0.012598
     326.000000        0.012746
     327.000000        0.012893
     328.000000        0.013039
     329.000000        0.013184
     330.000000        0.013328
     331.000000        0.013285
     332.000000        0.013241
     333.000000        0.013198
     334.000000        0.013156
     335.000000        0.013114
     336.000000        0.013071
     337.000000        0.013030
     338.000000        0.012988
     339.000000        0.012947
     340.000000        0.012906
     341.000000        0.013046
     342.000000        0.013186
     343.000000        0.013324
     344.000000        0.013461
     345.000000        0.013598
     346.000000        0.013733
     347.000000        0.013868
     348.000000        0.014002
     349.000000        0.014135
     350.000000        0.014267
     351.000000        0.014567
     352.000000        0.014865
     353.000000        0.015161
     354.000000        0.015454
     355.000000        0.015745
     356.000000        0.016033
     357.000000        0.016319
     358.000000        0.016603
     359.000000        0.016885
     360.000000        0.017164
     361.000000        0.016928
     362.000000        0.016694
     363.000000        0.016461
     364.000000        0.016229
     365.000000        0.015999
     366.000000        0.015770
     367.000000        0.015542
     368.000000        0.015315
     369.000000        0.015090
     370.000000        0.014866
     371.000000        0.014346
     372.000000        0.013827
     373.000000        0.013311
     374.000000        0.012795
     375.000000        0.012282
     376.000000        0.011771
     377.000000        0.011261
     378.000000        0.010753
     379.000000        0.010246
     380.000000    9.741616e-03
     381.000000    9.726871e-03
     382.000000    9.711845e-03
     383.000000    9.696536e-03
     384.000000    9.680941e-03
     385.000000    9.665057e-03
     386.000000    9.648881e-03
     387.000000    9.632412e-03
     388.000000    9.615646e-03
     389.000000    9.598583e-03
     390.000000    9.581221e-03
     391.000000    9.559961e-03
     392.000000    9.538726e-03
     393.000000    9.517514e-03
     394.000000    9.496324e-03
     395.000000    9.475157e-03
     396.000000    9.454013e-03
     397.000000    9.432890e-03
     398.000000    9.411788e-03
     399.000000    9.390707e-03
     400.000000    9.369646e-03
     401.000000    9.347860e-03
     402.000000    9.326152e-03
     403.000000    9.304521e-03
     404.000000    9.282967e-03
     405.000000    9.261489e-03
     406.000000    9.240087e-03
     407.000000    9.218759e-03
     408.000000    9.197506e-03
     409.000000    9.176326e-03
     410.000000    9.155220e-03
     411.000000    9.133931e-03
     412.000000    9.112736e-03
     413.000000    9.091633e-03
     414.000000    9.070623e-03
     415.000000    9.049703e-03
     416.000000    9.028875e-03
     417.000000    9.008136e-03
     418.000000    8.987487e-03
     419.000000    8.966926e-03
     420.000000    8.946453e-03
     421.000000    8.925987e-03
     422.000000    8.905615e-03
     423.000000    8.885338e-03
     424.000000    8.865155e-03
     425.000000    8.845065e-03
     426.000000    8.825067e-03
     427.000000    8.805161e-03
     428.000000    8.785345e-03
     429.000000    8.765620e-03
     430.000000    8.745985e-03
     431.000000    8.870613e-03
     432.000000    8.994656e-03
     433.000000    9.118117e-03
     434.000000    9.241000e-03
     435.000000    9.363309e-03
     436.000000    9.485050e-03
     437.000000    9.606226e-03
     438.000000    9.726841e-03
     439.000000    9.846899e-03
     440.000000    9.966405e-03
     441.000000    9.944669e-03
     442.000000    9.923036e-03
     443.000000    9.901506e-03
     444.000000    9.880077e-03
     445.000000    9.858748e-03
     446.000000    9.837519e-03
     447.000000    9.816390e-03
     448.000000    9.795359e-03
     449.000000    9.774425e-03
     450.000000    9.753588e-03
     451.000000    9.732859e-03
     452.000000    9.712228e-03
     453.000000    9.691696e-03
     454.000000    9.671260e-03
     455.000000    9.650921e-03
     456.000000    9.630678e-03
     457.000000    9.610530e-03
     458.000000    9.590477e-03
     459.000000    9.570517e-03
     460.000000    9.550650e-03
     461.000000    9.530901e-03
     462.000000    9.511247e-03
     463.000000    9.491686e-03
     464.000000    9.472218e-03
     465.000000    9.452843e-03
     466.000000    9.433559e-03
     467.000000    9.414366e-03
     468.000000    9.395264e-03
     469.000000    9.376251e-03
     470.000000    9.357328e-03
     471.000000    9.470649e-03
     472.000000    9.583496e-03
     473.000000    9.695871e-03
     474.000000    9.807778e-03
     475.000000    9.919220e-03
     476.000000        0.010030
     477.000000        0.010141
     478.000000        0.010251
     479.000000        0.010360
     480.000000        0.010470
     481.000000        0.010449
     482.000000        0.010429
     483.000000        0.010408
     484.000000        0.010388
     485.000000        0.010368
     486.000000        0.010348
     487.000000        0.010328
     488.000000        0.010308
     489.000000        0.010288
     490.000000        0.010269
     491.000000        0.010249
     492.000000        0.010229
     493.000000        0.010210
     494.000000        0.010190
     495.000000        0.010171
     496.000000        0.010151
     497.000000        0.010132
     498.000000        0.010113
     499.000000        0.010094
     500.000000        0.010075
     501.000000        0.010056
     502.000000        0.010037
     503.000000        0.010018
     504.000000    9.999413e-03
     505.000000    9.980769e-03
     506.000000    9.962200e-03
     507.000000    9.943705e-03
     508.000000    9.925285e-03
     509.000000    9.906937e-03
     510.000000    9.888663e-03
     511.000000    9.870555e-03
     512.000000    9.852522e-03
     513.000000    9.834563e-03
     514.000000    9.816677e-03
     515.000000    9.798864e-03
     516.000000    9.781123e-03
     517.000000    9.763455e-03
     518.000000    9.745858e-03
     519.000000    9.728332e-03
     520.000000    9.710877e-03
     521.000000    9.813540e-03
     522.000000    9.915821e-03
     523.000000        0.010018
     524.000000        0.010119
     525.000000        0.010220
     526.000000        0.010321
     527.000000        0.010422
     528.000000        0.010522
     529.000000        0.010621
     530.000000        0.010721
     531.000000        0.010702
     532.000000        0.010683
     533.000000        0.010665
     534.000000        0.010646
     535.000000        0.010628
     536.000000        0.010609
     537.000000        0.010591
     538.000000        0.010573
     539.000000        0.010554
     540.000000        0.010536
     541.000000        0.010518
     542.000000        0.010500
     543.000000        0.010483
     544.000000        0.010465
     545.000000        0.010447
     546.000000        0.010429
     547.000000        0.010412
     548.000000        0.010394
     549.000000        0.010377
     550.000000        0.010359
     551.000000        0.010342
     552.000000        0.010324
     553.000000        0.010307
     554.000000        0.010290
     555.000000        0.010272
     556.000000        0.010255
     557.000000        0.010238
     558.000000        0.010221
     559.000000        0.010204
     560.000000        0.010187
     561.000000        0.010170
     562.000000        0.010154
     563.000000        0.010137
     564.000000        0.010120
     565.000000        0.010104
     566.000000        0.010088
     567.000000        0.010071
     568.000000        0.010055
     569.000000        0.010039
     570.000000        0.010022
     571.000000        0.010116
     572.000000        0.010210
     573.000000        0.010303
     574.000000        0.010396
     575.000000        0.010489
     576.000000        0.010581
     577.000000        0.010673
     578.000000        0.010764
     579.000000        0.010856
     580.000000        0.010947
     581.000000        0.010930
     582.000000        0.010912
     583.000000        0.010895
     584.000000        0.010878
     585.000000        0.010861
     586.000000        0.010844
     587.000000        0.010827
     588.000000        0.010811
     589.000000        0.010794
     590.000000        0.010777
     591.000000        0.010760
     592.000000        0.010744
     593.000000        0.010727
     594.000000        0.010711
     595.000000        0.010694
     596.000000        0.010678
     597.000000        0.010662
     598.000000        0.010645
     599.000000        0.010629
     600.000000        0.010613
     601.000000        0.010597
     602.000000        0.010581
     603.000000        0.010565
     604.000000        0.010549
     605.000000        0.010533
     606.000000        0.010517
     607.000000        0.010502
     608.000000        0.010486
     609.000000        0.010470
     610.000000        0.010455
     611.000000        0.010439
     612.000000        0.010424
     613.000000        0.010408
     614.000000        0.010393
     615.000000        0.010377
     616.000000        0.010362
     617.000000        0.010347
     618.000000        0.010332
     619.000000        0.010316
     620.000000        0.010301
     621.000000        0.010286
     622.000000        0.010271
     623.000000        0.010256
     624.000000        0.010241
     625.000000        0.010226
     626.000000        0.010210
     627.000000        0.010195
     628.000000        0.010181
     629.000000        0.010166
     630.000000        0.010151
     631.000000        0.010237
     632.000000        0.010322
     633.000000        0.010407
     634.000000        0.010492
     635.000000        0.010577
     636.000000        0.010661
     637.000000        0.010745
     638.000000        0.010829
     639.000000        0.010912
     640.000000        0.010996
     641.000000        0.010980
     642.000000        0.010964
     643.000000        0.010949
     644.000000        0.010933
     645.000000        0.010918
     646.000000        0.010902
     647.000000        0.010887
     648.000000        0.010871
     649.000000        0.010856
     650.000000        0.010841
     651.000000        0.010825
     652.000000        0.010810
     653.000000        0.010795
     654.000000        0.010780
     655.000000        0.010765
     656.000000        0.010750
     657.000000        0.010735
     658.000000        0.010720
     659.000000        0.010705
     660.000000        0.010690
     661.000000        0.010675
     662.000000        0.010661
     663.000000        0.010646
     664.000000        0.010632
     665.000000        0.010618
     666.000000        0.010603
     667.000000        0.010589
     668.000000        0.010575
     669.000000        0.010560
     670.000000        0.010546
     671.000000        0.010532
     672.000000        0.010518
     673.000000        0.010504
     674.000000        0.010490
     675.000000        0.010476
     676.000000        0.010462
     677.000000        0.010448
     678.000000        0.010435
     679.000000        0.010421
     680.000000        0.010407
     681.000000        0.010487
     682.000000        0.010566
     683.000000        0.010645
     684.000000        0.010724
     685.000000        0.010803
     686.000000        0.010882
     687.000000        0.010960
     688.000000        0.011038
     689.000000        0.011116
     690.000000        0.011194
     691.000000        0.011179
     692.000000        0.011165
     693.000000        0.011150
     694.000000        0.011136
     695.000000        0.011122
     696.000000        0.011108
     697.000000        0.011093
     698.000000        0.011079
     699.000000        0.011065
     700.000000        0.011051
     701.000000        0.011036
     702.000000        0.011022
     703.000000        0.011008
     704.000000        0.010994
     705.000000        0.010979
     706.000000        0.010965
     707.000000        0.010951
     708.000000        0.010937
     709.000000        0.010923
     710.000000        0.010909
     711.000000        0.010895
     712.000000        0.010882
     713.000000        0.010868
     714.000000        0.010854
     715.000000        0.010841
     716.000000        0.010827
     717.000000        0.010814
     718.000000        0.010800
     719.000000        0.010787
     720.000000        0.010774
     721.000000        0.010760
     722.000000        0.010747
     723.000000        0.010734
     724.000000        0.010721
     725.000000        0.010708
     726.000000        0.010695
     727.000000        0.010681
     728.000000        0.010668
     729.000000        0.010655
     730.000000        0.010642
     731.000000        0.010717
     732.000000        0.010791
     733.000000        0.010865
     734.000000        0.010938
     735.000000        0.011012
     736.000000        0.011085
     737.000000        0.011158
     738.000000        0.011231
     739.000000        0.011304
     740.000000        0.011376
     741.000000        0.011363
     742.000000        0.011349
     743.000000        0.011335
     744.000000        0.011322
     745.000000        0.011308
     746.000000        0.011295
     747.000000        0.011282
     748.000000        0.011268
     749.000000        0.011255
     750.000000        0.011242
     751.000000        0.011228
     752.000000        0.011215
     753.000000        0.011202
     754.000000        0.011189
     755.000000        0.011176
     756.000000        0.011163
     757.000000        0.011150
     758.000000        0.011137
     759.000000        0.011124
     760.000000        0.011111
     761.000000        0.011098
     762.000000        0.011085
     763.000000        0.011072
     764.000000        0.011059
     765.000000        0.011047
     766.000000        0.011034
     767.000000        0.011021
     768.000000        0.011009
     769.000000        0.010996
     770.000000        0.010983
     771.000000        0.011054
     772.000000        0.011124
     773.000000        0.011194
     774.000000        0.011264
     775.000000        0.011334
     776.000000        0.011403
     777.000000        0.011472
     778.000000        0.011542
     779.000000        0.011611
     780.000000        0.011679
     781.000000        0.011666
     782.000000        0.011652
     783.000000        0.011639
     784.000000        0.011626
     785.000000        0.011612
     786.000000        0.011599
     787.000000        0.011585
     788.000000        0.011572
     789.000000        0.011559
     790.000000        0.011546
     791.000000        0.011533
     792.000000        0.011520
     793.000000        0.011507
     794.000000        0.011494
     795.000000        0.011482
     796.000000        0.011469
     797.000000        0.011456
     798.000000        0.011444
     799.000000        0.011431
     800.000000        0.011419
     801.000000        0.011405
     802.000000        0.011392
     803.000000        0.011379
     804.000000        0.011366
     805.000000        0.011353
     806.000000        0.011340
     807.000000        0.011326
     808.000000        0.011313
     809.000000        0.011300
     810.000000        0.011287
     811.000000        0.011275
     812.000000        0.011263
     813.000000        0.011251
     814.000000        0.011239
     815.000000        0.011227
     816.000000        0.011215
     817.000000        0.011203
     818.000000        0.011191
     819.000000        0.011179
     820.000000        0.011167
     821.000000        0.011233
     822.000000        0.011300
     823.000000        0.011366
     824.000000        0.011433
     825.000000        0.011499
     826.000000        0.011565
     827.000000        0.011630
     828.000000        0.011696
     829.000000        0.011762
     830.000000        0.011827
     831.000000        0.011814
     832.000000        0.011801
     833.000000        0.011789
     834.000000        0.011776
     835.000000        0.011763
     836.000000        0.011750
     837.000000        0.011738
     838.000000        0.011725
     839.000000        0.011713
     840.000000        0.011700
     841.000000        0.011688
     842.000000        0.011676
     843.000000        0.011664
     844.000000        0.011652
     845.000000        0.011640
     846.000000        0.011628
     847.000000        0.011616
     848.000000        0.011604
     849.000000        0.011592
     850.000000        0.011580
     851.000000        0.011644
     852.000000        0.011709
     853.000000        0.011773
     854.000000        0.011837
     855.000000        0.011902
     856.000000        0.011966
     857.000000        0.012029
     858.000000        0.012093
     859.000000        0.012157
     860.000000        0.012220
     861.000000        0.012208
     862.000000        0.012195
     863.000000        0.012183
     864.000000        0.012171
     865.000000        0.012159
     866.000000        0.012146
     867.000000        0.012134
     868.000000        0.012122
     869.000000        0.012110
     870.000000        0.012098
     871.000000        0.012086
     872.000000        0.012075
     873.000000        0.012063
     874.000000        0.012052
     875.000000        0.012040
     876.000000        0.012029
     877.000000        0.012017
     878.000000        0.012006
     879.000000        0.011994
     880.000000        0.011983
     881.000000        0.012045
     882.000000        0.012107
     883.000000        0.012170
     884.000000        0.012232
     885.000000        0.012294
     886.000000        0.012355
     887.000000        0.012417
     888.000000        0.012479
     889.000000        0.012540
     890.000000        0.012601
     891.000000        0.012590
     892.000000        0.012578
     893.000000        0.012566
     894.000000        0.012554
     895.000000        0.012543
     896.000000        0.012531
     897.000000        0.012519
     898.000000        0.012508
     899.000000        0.012496
     900.000000        0.012485
Reflection at 0.00 degrees for unpolarized light
wavelength (nm)               R
     300.000000        0.070318
     301.000000        0.070444
     302.000000        0.070571
     303.000000        0.070700
     304.000000        0.070830
     305.000000        0.070961
     306.000000        0.071094
     307.000000        0.071228
     308.000000        0.071363
     309.000000        0.071500
     310.000000        0.071637
     311.000000        0.071848
     312.000000        0.072060
     313.000000        0.072272
     314.000000        0.072486
     315.000000        0.072701
     316.000000        0.072916
     317.000000        0.073132
     318.000000        0.073349
     319.000000        0.073566
     320.000000        0.073785
     321.000000        0.074052
     322.000000        0.074321
     323.000000        0.074592
     324.000000        0.074863
     325.000000        0.075136
     326.000000        0.075409
     327.000000        0.075684
     328.000000        0.075960
     329.000000        0.076237
     330.000000        0.076514
     331.000000        0.076720
     332.000000        0.076926
     333.000000        0.077132
     334.000000        0.077338
     335.000000        0.077545
     336.000000        0.077752
     337.000000        0.077958
     338.000000        0.078166
     339.000000        0.078373
     340.000000        0.078580
     341.000000        0.078905
     342.000000        0.079232
     343.000000        0.079559
     344.000000        0.079887
     345.000000        0.080216
     346.000000        0.080546
     347.000000        0.080877
     348.000000        0.081208
     349.000000        0.081540
     350.000000        0.081873
     351.000000        0.082793
     352.000000        0.083723
     353.000000        0.084662
     354.000000        0.085609
     355.000000        0.086565
     356.000000        0.087529
     357.000000        0.088502
     358.000000        0.089483
     359.000000        0.090472
     360.000000        0.091469
     361.000000        0.092989
     362.000000        0.094529
     363.000000        0.096087
     364.000000        0.097664
     365.000000        0.099258
     366.000000        0.100870
     367.000000        0.102499
     368.000000        0.104144
     369.000000        0.105806
     370.000000        0.107484
     371.000000        0.107143
     372.000000        0.106801
     373.000000        0.106458
     374.000000        0.106116
     375.000000        0.105774
     376.000000        0.105431
     377.000000        0.105089
     378.000000        0.104746
     379.000000        0.104404
     380.000000        0.104062
     381.000000        0.102928
     382.000000        0.101806
     383.000000        0.100695
     384.000000        0.099596
     385.000000        0.098509
     386.000000        0.097435
     387.000000        0.096374
     388.000000        0.095326
     389.000000        0.094291
     390.000000        0.093269
     391.000000        0.092899
     392.000000        0.092532
     393.000000        0.092166
     394.000000        0.091803
     395.000000        0.091443
     396.000000        0.091085
     397.000000        0.090729
     398.000000        0.090376
     399.000000        0.090025
     400.000000        0.089677
     401.000000        0.089510
     402.000000        0.089344
     403.000000        0.089178
     404.000000        0.089014
     405.000000        0.088850
     406.000000        0.088686
     407.000000        0.088524
     408.000000        0.088362
     409.000000        0.088202
     410.000000        0.088041
     411.000000        0.087968
     412.000000        0.087895
     413.000000        0.087822
     414.000000        0.087750
     415.000000        0.087677
     416.000000        0.087605
     417.000000        0.087533
     418.000000        0.087461
     419.000000        0.087389
     420.000000        0.087318
     421.000000        0.087288
     422.000000        0.087259
     423.000000        0.087229
     424.000000        0.087199
     425.000000        0.087170
     426.000000        0.087140
     427.000000        0.087111
     428.000000        0.087081
     429.000000        0.087051
     430.000000        0.087022
     431.000000        0.087031
     432.000000        0.087040
     433.000000        0.087049
     434.000000        0.087058
     435.000000        0.087066
     436.000000        0.087075
     437.000000        0.087084
     438.000000        0.087093
     439.000000        0.087101
     440.000000        0.087110
     441.000000        0.087120
     442.000000        0.087130
     443.000000        0.087139
     444.000000        0.087149
     445.000000        0.087158
     446.000000        0.087167
     447.000000        0.087176
     448.000000        0.087185
     449.000000        0.087194
     450.000000        0.087202
     451.000000        0.087230
     452.000000        0.087258
     453.000000        0.087285
     454.000000        0.087313
     455.000000        0.087340
     456.000000        0.087367
     457.000000        0.087393
     458.000000        0.087420
     459.000000        0.087446
     460.000000        0.087472
     461.000000        0.087517
     462.000000        0.087562
     463.000000        0.087606
     464.000000        0.087651
     465.000000        0.087695
     466.000000        0.087739
     467.000000        0.087782
     468.000000        0.087825
     469.000000        0.087868
     470.000000        0.087911
     471.000000        0.087954
     472.000000        0.087996
     473.000000        0.088038
     474.000000        0.088080
     475.000000        0.088122
     476.000000        0.088163
     477.000000        0.088205
     478.000000        0.088246
     479.000000        0.088287
     480.000000        0.088328
     481.000000        0.088368
     482.000000        0.088408
     483.000000        0.088448
     484.000000        0.088488
     485.000000        0.088527
     486.000000        0.088566
     487.000000        0.088605
     488.000000        0.088644
     489.000000        0.088682
     490.000000        0.088721
     491.000000        0.088721
     492.000000        0.088722
     493.000000        0.088723
     494.000000        0.088723
     495.000000        0.088724
     496.000000        0.088724
     497.000000        0.088724
     498.000000        0.088724
     499.000000        0.088724
     500.000000        0.088724
     501.000000        0.088724
     502.000000        0.088723
     503.000000        0.088723
     504.000000        0.088722
     505.000000        0.088722
     506.000000        0.088721
     507.000000        0.088720
     508.000000        0.088719
     509.000000        0.088718
     510.000000        0.088717
     511.000000        0.088734
     512.000000        0.088750
     513.000000        0.088767
     514.000000        0.088783
     515.000000        0.088799
     516.000000        0.088815
     517.000000        0.088831
     518.000000        0.088846
     519.000000        0.088862
     520.000000        0.088877
     521.000000        0.088912
     522.000000        0.088946
     523.000000        0.088980
     524.000000        0.089014
     525.000000        0.089048
     526.000000        0.089082
     527.000000        0.089116
     528.000000        0.089149
     529.000000        0.089183
     530.000000        0.089216
     531.000000        0.089229
     532.000000        0.089242
     533.000000        0.089255
     534.000000        0.089268
     535.000000        0.089280
     536.000000        0.089293
     537.000000        0.089305
     538.000000        0.089317
     539.000000        0.089329
     540.000000        0.089341
     541.000000        0.089354
     542.000000        0.089367
     543.000000        0.089380
     544.000000        0.089393
     545.000000        0.089406
     546.000000        0.089419
     547.000000        0.089431
     548.000000        0.089444
     549.000000        0.089456
     550.000000        0.089468
     551.000000        0.089462
     552.000000        0.089457
     553.000000        0.089451
     554.000000        0.089446
     555.000000        0.089440
     556.000000        0.089435
     557.000000        0.089429
     558.000000        0.089423
     559.000000        0.089417
     560.000000        0.089411
     561.000000        0.089422
     562.000000        0.089432
     563.000000        0.089443
     564.000000        0.089453
     565.000000        0.089463
     566.000000        0.089473
     567.000000        0.089483
     568.000000        0.089493
     569.000000        0.089502
     570.000000        0.089512
     571.000000        0.089524
     572.000000        0.089536
     573.000000        0.089549
     574.000000        0.089561
     575.000000        0.089573
     576.000000        0.089585
     577.000000        0.089597
     578.000000        0.089609
     579.000000        0.089621
     580.000000        0.089632
     581.000000        0.089641
     582.000000        0.089650
     583.000000        0.089658
     584.000000        0.089667
     585.000000        0.089675
     586.000000        0.089683
     587.000000        0.089691
     588.000000        0.089699
     589.000000        0.089707
     590.000000        0.089715
     591.000000        0.089723
     592.000000        0.089731
     593.000000        0.089738
     594.000000        0.089746
     595.000000        0.089753
     596.000000        0.089761
     597.000000        0.089768
     598.000000        0.089775
     599.000000        0.089782
     600.000000        0.089789
     601.000000        0.089796
     602.000000        0.089803
     603.000000        0.089810
     604.000000        0.089817
     605.000000        0.089823
     606.000000        0.089830
     607.000000        0.089836
     608.000000        0.089843
     609.000000        0.089849
     610.000000        0.089855
     611.000000        0.089862
     612.000000        0.089868
     613.000000        0.089874
     614.000000        0.089880
     615.000000        0.089886
     616.000000        0.089892
     617.000000        0.089897
     618.000000        0.089903
     619.000000        0.089909
     620.000000        0.089914
     621.000000        0.089905
     622.000000        0.089895
     623.000000        0.089886
     624.000000        0.089877
     625.000000        0.089867
     626.000000        0.089858
     627.000000        0.089848
     628.000000        0.089839
     629.000000        0.089829
     630.000000        0.089820
     631.000000        0.089829
     632.000000        0.089837
     633.000000        0.089846
     634.000000        0.089855
     635.000000        0.089863
     636.000000        0.089872
     637.000000        0.089881
     638.000000        0.089889
     639.000000        0.089898
     640.000000        0.089906
     641.000000        0.089896
     642.000000        0.089886
     643.000000        0.089877
     644.000000        0.089867
     645.000000        0.089857
     646.000000        0.089847
     647.000000        0.089837
     648.000000        0.089827
     649.000000        0.089817
     650.000000        0.089808
     651.000000        0.089798
     652.000000        0.089788
     653.000000        0.089778
     654.000000        0.089768
     655.000000        0.089758
     656.000000        0.089748
     657.000000        0.089738
     658.000000        0.089728
     659.000000        0.089718
     660.000000        0.089708
     661.000000        0.089712
     662.000000        0.089716
     663.000000        0.089720
     664.000000        0.089723
     665.000000        0.089727
     666.000000        0.089731
     667.000000        0.089734
     668.000000        0.089738
     669.000000        0.089741
     670.000000        0.089745
     671.000000        0.089748
     672.000000        0.089751
     673.000000        0.089754
     674.000000        0.089758
     675.000000        0.089761
     676.000000        0.089764
     677.000000        0.089767
     678.000000        0.089770
     679.000000        0.089773
     680.000000        0.089776
     681.000000        0.089783
     682.000000        0.089790
     683.000000        0.089797
     684.000000        0.089804
     685.000000        0.089811
     686.000000        0.089818
     687.000000        0.089825
     688.000000        0.089832
     689.000000        0.089839
     690.000000        0.089845
     691.000000        0.089848
     692.000000        0.089850
     693.000000        0.089853
     694.000000        0.089855
     695.000000        0.089857
     696.000000        0.089860
     697.000000        0.089862
     698.000000        0.089864
     699.000000        0.089866
     700.000000        0.089869
     701.000000        0.089858
     702.000000        0.089847
     703.000000        0.089836
     704.000000        0.089825
     705.000000        0.089814
     706.000000        0.089803
     707.000000        0.089792
     708.000000        0.089781
     709.000000        0.089770
     710.000000        0.089760
     711.000000        0.089761
     712.000000        0.089763
     713.000000        0.089765
     714.000000        0.089767
     715.000000        0.089769
     716.000000        0.089770
     717.000000        0.089772
     718.000000        0.089774
     719.000000        0.089775
     720.000000        0.089777
     721.000000        0.089778
     722.000000        0.089780
     723.000000        0.089781
     724.000000        0.089783
     725.000000        0.089784
     726.000000        0.089785
     727.000000        0.089787
     728.000000        0.089788
     729.000000        0.089789
     730.000000        0.089790
     731.000000        0.089784
     732.000000        0.089777
     733.000000        0.089770
     734.000000        0.089764
     735.000000        0.089757
     736.000000        0.089751
     737.000000        0.089744
     738.000000        0.089737
     739.000000        0.089731
     740.000000        0.089724
     741.000000        0.089725
     742.000000        0.089727
     743.000000        0.089728
     744.000000        0.089729
     745.000000        0.089729
     746.000000        0.089730
     747.000000        0.089731
     748.000000        0.089732
     749.000000        0.089733
     750.000000        0.089734
     751.000000        0.089735
     752.000000        0.089735
     753.000000        0.089736
     754.000000        0.089737
     755.000000        0.089737
     756.000000        0.089738
     757.000000        0.089739
     758.000000        0.089739
     759.000000        0.089740
     760.000000        0.089740
     761.000000        0.089741
     762.000000        0.089741
     763.000000        0.089742
     764.000000        0.089742
     765.000000        0.089743
     766.000000        0.089743
     767.000000        0.089743
     768.000000        0.089744
     769.000000        0.089744
     770.000000        0.089744
     771.000000        0.089737
     772.000000        0.089731
     773.000000        0.089724
     774.000000        0.089717
     775.000000        0.089711
     776.000000        0.089704
     777.000000        0.089697
     778.000000        0.089691
     779.000000        0.089684
     780.000000        0.089678
     781.000000        0.089666
     782.000000        0.089655
     783.000000        0.089644
     784.000000        0.089632
     785.000000        0.089621
     786.000000        0.089610
     787.000000        0.089599
     788.000000        0.089587
     789.000000        0.089576
     790.000000        0.089565
     791.000000        0.089565
     792.000000        0.089565
     793.000000        0.089565
     794.000000        0.089565
     795.000000        0.089565
     796.000000        0.089565
     797.000000        0.089565
     798.000000        0.089565
     799.000000        0.089565
     800.000000        0.089565
     801.000000        0.089543
     802.000000        0.089520
     803.000000        0.089498
     804.000000        0.089476
     805.000000        0.089454
     806.000000        0.089432
     807.000000        0.089409
     808.000000        0.089387
     809.000000        0.089365
     810.000000        0.089344
     811.000000        0.089344
     812.000000        0.089343
     813.000000        0.089343
     814.000000        0.089343
     815.000000        0.089343
     816.000000        0.089343
     817.000000        0.089343
     818.000000        0.089343
     819.000000        0.089342
     820.000000        0.089342
     821.000000        0.089347
     822.000000        0.089351
     823.000000        0.089356
     824.000000        0.089360
     825.000000        0.089365
     826.000000        0.089369
     827.000000        0.089374
     828.000000        0.089378
     829.000000        0.089383
     830.000000        0.089387
     831.000000        0.089376
     832.000000        0.089365
     833.000000        0.089354
     834.000000        0.089343
     835.000000        0.089332
     836.000000        0.089321
     837.000000        0.089310
     838.000000        0.089299
     839.000000        0.089288
     840.000000        0.089277
     841.000000        0.089277
     842.000000        0.089276
     843.000000        0.089276
     844.000000        0.089275
     845.000000        0.089275
     846.000000        0.089274
     847.000000        0.089274
     848.000000        0.089273
     849.000000        0.089272
     850.000000        0.089272
     851.000000        0.089286
     852.000000        0.089301
     853.000000        0.089315
     854.000000        0.089330
     855.000000        0.089344
     856.000000        0.089358
     857.000000        0.089373
     858.000000        0.089387
     859.000000        0.089401
     860.000000        0.089416
     861.000000        0.089415
     862.000000        0.089414
     863.000000        0.089413
     864.000000        0.089412
     865.000000        0.089411
     866.000000        0.089410
     867.000000        0.089409
     868.000000        0.089408
     869.000000        0.089407
     870.000000        0.089406
     871.000000        0.089415
     872.000000        0.089424
     873.000000        0.089433
     874.000000        0.089442
     875.000000        0.089450
     876.000000        0.089459
     877.000000        0.089468
     878.000000        0.089477
     879.000000        0.089486
     880.000000        0.089494
     881.000000        0.089508
     882.000000        0.089522
     883.000000        0.089535
     884.000000        0.089548
     885.000000        0.089562
     886.000000        0.089575
     887.000000        0.089589
     888.000000        0.089602
     889.000000        0.089615
     890.000000        0.089629
     891.000000        0.089637
     892.000000        0.089645
     893.000000        0.089653
     894.000000        0.089662
     895.000000        0.089670
     896.000000        0.089678
     897.000000        0.089686
     898.000000        0.089694
     899.000000        0.089703
     900.000000        0.089711
Transmission at 0.00 degrees for unpolarized light
wavelength (nm)               T
     300.000000        0.919067
     301.000000        0.918770
     302.000000        0.918473
     303.000000        0.918177
     304.000000        0.917880
     305.000000        0.917583
     306.000000        0.917285
     307.000000        0.916988
     308.000000        0.916691
     309.000000        0.916394
     310.000000        0.916097
     311.000000        0.915930
     312.000000        0.915762
     313.000000        0.915592
     314.000000        0.915422
     315.000000        0.915250
     316.000000        0.915077
     317.000000        0.914903
     318.000000        0.914728
     319.000000        0.914551
     320.000000        0.914374
     321.000000        0.913953
     322.000000        0.913531
     323.000000        0.913110
     324.000000        0.912688
     325.000000        0.912267
     326.000000        0.911845
     327.000000        0.911423
     328.000000        0.911001
     329.000000        0.910579
     330.000000        0.910157
     331.000000        0.909995
     332.000000        0.909833
     333.000000        0.909670
     334.000000        0.909506
     335.000000        0.909342
     336.000000        0.909177
     337.000000        0.909012
     338.000000        0.908846
     339.000000        0.908680
     340.000000        0.908514
     341.000000        0.908048
     342.000000        0.907583
     343.000000        0.907117
     344.000000        0.906652
     345.000000        0.906186
     346.000000        0.905721
     347.000000        0.905256
     348.000000        0.904791
     349.000000        0.904325
     350.000000        0.903861
     351.000000        0.902639
     352.000000        0.901412
     353.000000        0.900178
     354.000000        0.898937
     355.000000        0.897690
     356.000000        0.896437
     357.000000        0.895179
     358.000000        0.893914
     359.000000        0.892644
     360.000000        0.891368
     361.000000        0.890082
     362.000000        0.888777
     363.000000        0.887452
     364.000000        0.886107
     365.000000        0.884743
     366.000000        0.883360
     367.000000        0.881959
     368.000000        0.880540
     369.000000        0.879103
     370.000000        0.877649
     371.000000        0.878511
     372.000000        0.879372
     373.000000        0.880231
     374.000000        0.881088
     375.000000        0.881944
     376.000000        0.882798
     377.000000        0.883651
     378.000000        0.884501
     379.000000        0.885350
     380.000000        0.886196
     381.000000        0.887345
     382.000000        0.888482
     383.000000        0.889608
     384.000000        0.890723
     385.000000        0.891825
     386.000000        0.892916
     387.000000        0.893994
     388.000000        0.895059
     389.000000        0.896111
     390.000000        0.897150
     391.000000        0.897541
     392.000000        0.897930
     393.000000        0.898316
     394.000000        0.898700
     395.000000        0.899082
     396.000000        0.899461
     397.000000        0.899838
     398.000000        0.900213
     399.000000        0.900584
     400.000000        0.900954
     401.000000        0.901142
     402.000000        0.901330
     403.000000        0.901517
     404.000000        0.901703
     405.000000        0.901889
     406.000000        0.902073
     407.000000        0.902257
     408.000000        0.902440
     409.000000        0.902622
     410.000000        0.902803
     411.000000        0.902898
     412.000000        0.902992
     413.000000        0.903086
     414.000000        0.903180
     415.000000        0.903273
     416.000000        0.903366
     417.000000        0.903459
     418.000000        0.903552
     419.000000        0.903644
     420.000000        0.903736
     421.000000        0.903786
     422.000000        0.903836
     423.000000        0.903886
     424.000000        0.903935
     425.000000        0.903985
     426.000000        0.904035
     427.000000        0.904084
     428.000000        0.904134
     429.000000        0.904183
     430.000000        0.904232
     431.000000        0.904099
     432.000000        0.903966
     433.000000        0.903833
     434.000000        0.903701
     435.000000        0.903570
     436.000000        0.903440
     437.000000        0.903310
     438.000000        0.903181
     439.000000        0.903052
     440.000000        0.902924
     441.000000        0.902936
     442.000000        0.902947
     443.000000        0.902959
     444.000000        0.902971
     445.000000        0.902983
     446.000000        0.902995
     447.000000        0.903007
     448.000000        0.903020
     449.000000        0.903032
     450.000000        0.903044
     451.000000        0.903037
     452.000000        0.903030
     453.000000        0.903023
     454.000000        0.903016
     455.000000        0.903009
     456.000000        0.903003
     457.000000        0.902996
     458.000000        0.902990
     459.000000        0.902984
     460.000000        0.902977
     461.000000        0.902952
     462.000000        0.902927
     463.000000        0.902902
     464.000000        0.902877
     465.000000        0.902852
     466.000000        0.902828
     467.000000        0.902803
     468.000000        0.902779
     469.000000        0.902755
     470.000000        0.902731
     471.000000        0.902576
     472.000000        0.902421
     473.000000        0.902266
     474.000000        0.902112
     475.000000        0.901959
     476.000000        0.901807
     477.000000        0.901655
     478.000000        0.901503
     479.000000        0.901353
     480.000000        0.901203
     481.000000        0.901183
     482.000000        0.901163
     483.000000        0.901143
     484.000000        0.901124
     485.000000        0.901105
     486.000000        0.901086
     487.000000        0.901067
     488.000000        0.901048
     489.000000        0.901029
     490.000000        0.901011
     491.000000        0.901030
     492.000000        0.901049
     493.000000        0.901068
     494.000000        0.901087
     495.000000        0.901106
     496.000000        0.901125
     497.000000        0.901144
     498.000000        0.901163
     499.000000        0.901182
     500.000000        0.901201
     501.000000        0.901221
     502.000000        0.901240
     503.000000        0.901259
     504.000000        0.901278
     505.000000        0.901298
     506.000000        0.901317
     507.000000        0.901336
     508.000000        0.901356
     509.000000        0.901375
     510.000000        0.901394
     511.000000        0.901396
     512.000000        0.901397
     513.000000        0.901399
     514.000000        0.901400
     515.000000        0.901402
     516.000000        0.901404
     517.000000        0.901406
     518.000000        0.901408
     519.000000        0.901410
     520.000000        0.901412
     521.000000        0.901275
     522.000000        0.901138
     523.000000        0.901002
     524.000000        0.900866
     525.000000        0.900731
     526.000000        0.900597
     527.000000        0.900463
     528.000000        0.900329
     529.000000        0.900196
     530.000000        0.900063
     531.000000        0.900069
     532.000000        0.900075
     533.000000        0.900081
     534.000000        0.900086
     535.000000        0.900092
     536.000000        0.900098
     537.000000        0.900104
     538.000000        0.900110
     539.000000        0.900116
     540.000000        0.900122
     541.000000        0.900127
     542.000000        0.900132
     543.000000        0.900137
     544.000000        0.900142
     545.000000        0.900147
     546.000000        0.900152
     547.000000        0.900157
     548.000000        0.900162
     549.000000        0.900168
     550.000000        0.900173
     551.000000        0.900196
     552.000000        0.900219
     553.000000        0.900242
     554.000000        0.900265
     555.000000        0.900287
     556.000000        0.900310
     557.000000        0.900333
     558.000000        0.900356
     559.000000        0.900379
     560.000000        0.900402
     561.000000        0.900408
     562.000000        0.900414
     563.000000        0.900420
     564.000000        0.900427
     565.000000        0.900433
     566.000000        0.900440
     567.000000        0.900446
     568.000000        0.900453
     569.000000        0.900459
     570.000000        0.900466
     571.000000        0.900360
     572.000000        0.900254
     573.000000        0.900148
     574.000000        0.900043
     575.000000        0.899939
     576.000000        0.899834
     577.000000        0.899730
     578.000000        0.899627
     579.000000        0.899524
     580.000000        0.899421
     581.000000        0.899429
     582.000000        0.899438
     583.000000        0.899446
     584.000000        0.899455
     585.000000        0.899464
     586.000000        0.899473
     587.000000        0.899481
     588.000000        0.899490
     589.000000        0.899499
     590.000000        0.899508
     591.000000        0.899517
     592.000000        0.899525
     593.000000        0.899534
     594.000000        0.899543
     595.000000        0.899552
     596.000000        0.899561
     597.000000        0.899570
     598.000000        0.899579
     599.000000        0.899588
     600.000000        0.899598
     601.000000        0.899607
     602.000000        0.899616
     603.000000        0.899625
     604.000000        0.899634
     605.000000        0.899643
     606.000000        0.899653
     607.000000        0.899662
     608.000000        0.899671
     609.000000        0.899681
     610.000000        0.899690
     611.000000        0.899699
     612.000000        0.899709
     613.000000        0.899718
     614.000000        0.899727
     615.000000        0.899737
     616.000000        0.899746
     617.000000        0.899756
     618.000000        0.899765
     619.000000        0.899775
     620.000000        0.899784
     621.000000        0.899809
     622.000000        0.899834
     623.000000        0.899858
     624.000000        0.899883
     625.000000        0.899907
     626.000000        0.899932
     627.000000        0.899956
     628.000000        0.899981
     629.000000        0.900005
     630.000000        0.900029
     631.000000        0.899935
     632.000000        0.899841
     633.000000        0.899747
     634.000000        0.899653
     635.000000        0.899560
     636.000000        0.899467
     637.000000        0.899374
     638.000000        0.899282
     639.000000        0.899190
     640.000000        0.899098
     641.000000        0.899124
     642.000000        0.899149
     643.000000        0.899175
     644.000000        0.899200
     645.000000        0.899225
     646.000000        0.899251
     647.000000        0.899276
     648.000000        0.899301
     649.000000        0.899327
     650.000000        0.899352
     651.000000        0.899377
     652.000000        0.899402
     653.000000        0.899427
     654.000000        0.899452
     655.000000        0.899477
     656.000000        0.899502
     657.000000        0.899527
     658.000000        0.899552
     659.000000        0.899577
     660.000000        0.899602
     661.000000        0.899612
     662.000000        0.899623
     663.000000        0.899634
     664.000000        0.899645
     665.000000        0.899655
     666.000000        0.899666
     667.000000        0.899677
     668.000000        0.899688
     669.000000        0.899698
     670.000000        0.899709
     671.000000        0.899720
     672.000000        0.899731
     673.000000        0.899742
     674.000000        0.899752
     675.000000        0.899763
     676.000000        0.899774
     677.000000        0.899785
     678.000000        0.899796
     679.000000        0.899806
     680.000000        0.899817
     681.000000        0.899730
     682.000000        0.899644
     683.000000        0.899558
     684.000000        0.899472
     685.000000        0.899386
     686.000000        0.899300
     687.000000        0.899215
     688.000000        0.899130
     689.000000        0.899045
     690.000000        0.898961
     691.000000        0.898973
     692.000000        0.898985
     693.000000        0.898997
     694.000000        0.899009
     695.000000        0.899021
     696.000000        0.899033
     697.000000        0.899045
     698.000000        0.899057
     699.000000        0.899069
     700.000000        0.899081
     701.000000        0.899106
     702.000000        0.899131
     703.000000        0.899156
     704.000000        0.899182
     705.000000        0.899207
     706.000000        0.899232
     707.000000        0.899257
     708.000000        0.899282
     709.000000        0.899307
     710.000000        0.899332
     711.000000        0.899343
     712.000000        0.899355
     713.000000        0.899367
     714.000000        0.899379
     715.000000        0.899391
     716.000000        0.899402
     717.000000        0.899414
     718.000000        0.899426
     719.000000        0.899438
     720.000000        0.899449
     721.000000        0.899461
     722.000000        0.899473
     723.000000        0.899485
     724.000000        0.899497
     725.000000        0.899508
     726.000000        0.899520
     727.000000        0.899532
     728.000000        0.899544
     729.000000        0.899555
     730.000000        0.899567
     731.000000        0.899500
     732.000000        0.899432
     733.000000        0.899365
     734.000000        0.899298
     735.000000        0.899231
     736.000000        0.899164
     737.000000        0.899098
     738.000000        0.899032
     739.000000        0.898965
     740.000000        0.898899
     741.000000        0.898912
     742.000000        0.898924
     743.000000        0.898937
     744.000000        0.898950
     745.000000        0.898962
     746.000000        0.898975
     747.000000        0.898987
     748.000000        0.899000
     749.000000        0.899012
     750.000000        0.899024
     751.000000        0.899037
     752.000000        0.899049
     753.000000        0.899062
     754.000000        0.899074
     755.000000        0.899087
     756.000000        0.899099
     757.000000        0.899112
     758.000000        0.899124
     759.000000        0.899136
     760.000000        0.899149
     761.000000        0.899161
     762.000000        0.899174
     763.000000        0.899186
     764.000000        0.899198
     765.000000        0.899211
     766.000000        0.899223
     767.000000        0.899235
     768.000000        0.899248
     769.000000        0.899260
     770.000000        0.899273
     771.000000        0.899209
     772.000000        0.899145
     773.000000        0.899082
     774.000000        0.899019
     775.000000        0.898956
     776.000000        0.898893
     777.000000        0.898830
     778.000000        0.898768
     779.000000        0.898705
     780.000000        0.898643
     781.000000        0.898668
     782.000000        0.898693
     783.000000        0.898717
     784.000000        0.898742
     785.000000        0.898767
     786.000000        0.898791
     787.000000        0.898816
     788.000000        0.898840
     789.000000        0.898865
     790.000000        0.898889
     791.000000        0.898902
     792.000000        0.898915
     793.000000        0.898928
     794.000000        0.898940
     795.000000        0.898953
     796.000000        0.898966
     797.000000        0.898978
     798.000000        0.898991
     799.000000        0.899004
     800.000000        0.899016
     801.000000        0.899052
     802.000000        0.899088
     803.000000        0.899123
     804.000000        0.899158
     805.000000        0.899194
     806.000000        0.899229
     807.000000        0.899264
     808.000000        0.899299
     809.000000        0.899334
     810.000000        0.899369
     811.000000        0.899381
     812.000000        0.899394
     813.000000        0.899406
     814.000000        0.899418
     815.000000        0.899430
     816.000000        0.899442
     817.000000        0.899455
     818.000000        0.899467
     819.000000        0.899479
     820.000000        0.899491
     821.000000        0.899420
     822.000000        0.899349
     823.000000        0.899278
     824.000000        0.899207
     825.000000        0.899136
     826.000000        0.899066
     827.000000        0.898996
     828.000000        0.898926
     829.000000        0.898856
     830.000000        0.898786
     831.000000        0.898810
     832.000000        0.898834
     833.000000        0.898857
     834.000000        0.898881
     835.000000        0.898905
     836.000000        0.898929
     837.000000        0.898952
     838.000000        0.898976
     839.000000        0.898999
     840.000000        0.899023
     841.000000        0.899035
     842.000000        0.899048
     843.000000        0.899061
     844.000000        0.899073
     845.000000        0.899086
     846.000000        0.899098
     847.000000        0.899111
     848.000000        0.899123
     849.000000        0.899136
     850.000000        0.899148
     851.000000        0.899069
     852.000000        0.898990
     853.000000        0.898911
     854.000000        0.898833
     855.000000        0.898754
     856.000000        0.898676
     857.000000        0.898598
     858.000000        0.898520
     859.000000        0.898442
     860.000000        0.898364
     861.000000        0.898378
     862.000000        0.898391
     863.000000        0.898404
     864.000000        0.898417
     865.000000        0.898431
     866.000000        0.898444
     867.000000        0.898457
     868.000000        0.898470
     869.000000        0.898483
     870.000000        0.898497
     871.000000        0.898499
     872.000000        0.898502
     873.000000        0.898504
     874.000000        0.898507
     875.000000        0.898510
     876.000000        0.898512
     877.000000        0.898515
     878.000000        0.898517
     879.000000        0.898520
     880.000000        0.898523
     881.000000        0.898447
     882.000000        0.898371
     883.000000        0.898295
     884.000000        0.898220
     885.000000        0.898145
     886.000000        0.898069
     887.000000        0.897994
     888.000000        0.897919
     889.000000        0.897845
     890.000000        0.897770
     891.000000        0.897774
     892.000000        0.897777
     893.000000        0.897780
     894.000000        0.897784
     895.000000        0.897787
     896.000000        0.897791
     897.000000        0.897794
     898.000000        0.897798
     899.000000        0.897801
     900.000000        0.897805
