Reflection at 0.00 degrees for unpolarized light
wavelength (nm)               R
     300.000000        0.085249
     301.000000        0.085006
     302.000000        0.084757
     303.000000        0.084503
     304.000000        0.084244
     305.000000        0.083980
     306.000000        0.083713
     307.000000        0.083443
     308.000000        0.083170
     309.000000        0.082896
     310.000000        0.082620
     311.000000        0.082439
     312.000000        0.082258
     313.000000        0.082079
     314.000000        0.081901
     315.000000        0.081726
     316.000000        0.081553
     317.000000        0.081384
     318.000000        0.081217
     319.000000        0.081055
     320.000000        0.080897
     321.000000        0.080696
     322.000000        0.080503
     323.000000        0.080316
     324.000000        0.080136
     325.000000        0.079963
     326.000000        0.079799
     327.000000        0.079642
     328.000000        0.079493
     329.000000        0.079352
     330.000000        0.079219
     331.000000        0.079122
     332.000000        0.079031
     333.000000        0.078947
     334.000000        0.078870
     335.000000        0.078800
     336.000000        0.078737
     337.000000        0.078682
     338.000000        0.078633
     339.000000        0.078592
     340.000000        0.078559
     341.000000        0.078542
     342.000000        0.078536
     343.000000        0.078539
     344.000000        0.078553
     345.000000        0.078577
     346.000000        0.078611
     347.000000        0.078655
     348.000000        0.078709
     349.000000        0.078773
     350.000000        0.078847
     351.000000        0.079238
     352.000000        0.079637
     353.000000        0.080044
     354.000000        0.080459
     355.000000        0.080882
     356.000000        0.081311
     357.000000        0.081749
     358.000000        0.082193
     359.000000        0.082645
     360.000000        0.083104
     361.000000        0.083969
     362.000000        0.084825
     363.000000        0.085671
     364.000000        0.086506
     365.000000        0.087330
     366.000000        0.088143
     367.000000        0.088944
     368.000000        0.089733
     369.000000        0.090511
     370.000000        0.091276
     371.000000        0.091702
     372.000000        0.092117
     373.000000        0.092520
     374.000000        0.092911
     375.000000        0.093289
     376.000000        0.093654
     377.000000        0.094005
     378.000000        0.094341
     379.000000        0.094662
     380.000000        0.094968
     381.000000        0.094710
     382.000000        0.094390
     383.000000        0.094009
     384.000000        0.093571
     385.000000        0.093076
     386.000000        0.092527
     387.000000        0.091928
     388.000000        0.091281
     389.000000        0.090589
     390.000000        0.089856
     391.000000        0.089645
     392.000000        0.089424
     393.000000        0.089191
     394.000000        0.088948
     395.000000        0.088696
     396.000000        0.088434
     397.000000        0.088163
     398.000000        0.087885
     399.000000        0.087599
     400.000000        0.087305
     401.000000        0.087192
     402.000000        0.087075
     403.000000        0.086955
     404.000000        0.086831
     405.000000        0.086704
     406.000000        0.086575
     407.000000        0.086442
     408.000000        0.086307
     409.000000        0.086170
     410.000000        0.086030
     411.000000        0.085985
     412.000000        0.085939
     413.000000        0.085891
     414.000000        0.085841
     415.000000        0.085790
     416.000000        0.085737
     417.000000        0.085683
     418.000000        0.085628
     419.000000        0.085571
     420.000000        0.085513
     421.000000        0.085503
     422.000000        0.085491
     423.000000        0.085478
     424.000000        0.085463
     425.000000        0.085448
     426.000000        0.085431
     427.000000        0.085413
     428.000000        0.085394
     429.000000        0.085374
     430.000000        0.085353
     431.000000        0.085338
     432.000000        0.085324
     433.000000        0.085308
     434.000000        0.085292
     435.000000        0.085275
     436.000000        0.085257
     437.000000        0.085238
     438.000000        0.085219
     439.000000        0.085199
     440.000000        0.085178
     441.000000        0.085192
     442.000000        0.085204
     443.000000        0.085216
     444.000000        0.085225
     445.000000        0.085234
     446.000000        0.085241
     447.000000        0.085247
     448.000000        0.085251
     449.000000        0.085254
     450.000000        0.085255
     451.000000        0.085277
     452.000000        0.085298
     453.000000        0.085317
     454.000000        0.085334
     455.000000        0.085349
     456.000000        0.085363
     457.000000        0.085376
     458.000000        0.085387
     459.000000        0.085396
     460.000000        0.085404
     461.000000        0.085431
     462.000000        0.085457
     463.000000        0.085480
     464.000000        0.085502
     465.000000        0.085522
     466.000000        0.085540
     467.000000        0.085556
     468.000000        0.085571
     469.000000        0.085584
     470.000000        0.085596
     471.000000        0.085576
     472.000000        0.085555
     473.000000        0.085533
     474.000000        0.085509
     475.000000        0.085485
     476.000000        0.085459
     477.000000        0.085431
     478.000000        0.085403
     479.000000        0.085373
     480.000000        0.085341
     481.000000        0.085336
     482.000000        0.085330
     483.000000        0.085322
     484.000000        0.085312
     485.000000        0.085301
     486.000000        0.085289
     487.000000        0.085274
     488.000000        0.085259
     489.000000        0.085242
     490.000000        0.085224
     491.000000        0.085171
     492.000000        0.085117
     493.000000        0.085063
     494.000000        0.085007
     495.000000        0.084952
     496.000000        0.084895
     497.000000        0.084838
     498.000000        0.084780
     499.000000        0.084722
     500.000000        0.084663
     501.000000        0.084604
     502.000000        0.084544
     503.000000        0.084484
     504.000000        0.084423
     505.000000        0.084362
     506.000000        0.084300
     507.000000        0.084238
     508.000000        0.084176
     509.000000        0.084113
     510.000000        0.084050
     511.000000        0.084000
     512.000000        0.083949
     513.000000        0.083897
     514.000000        0.083845
     515.000000        0.083793
     516.000000        0.083740
     517.000000        0.083686
     518.000000        0.083632
     519.000000        0.083578
     520.000000        0.083523
     521.000000        0.083455
     522.000000        0.083387
     523.000000        0.083319
     524.000000        0.083250
     525.000000        0.083180
     526.000000        0.083110
     527.000000        0.083040
     528.000000        0.082969
     529.000000        0.082897
     530.000000        0.082825
     531.000000        0.082765
     532.000000        0.082705
     533.000000        0.082644
     534.000000        0.082584
     535.000000        0.082523
     536.000000        0.082462
     537.000000        0.082401
     538.000000        0.082340
     539.000000        0.082279
     540.000000        0.082218
     541.000000        0.082157
     542.000000        0.082096
     543.000000        0.082036
     544.000000        0.081975
     545.000000        0.081915
     546.000000        0.081854
     547.000000        0.081793
     548.000000        0.081733
     549.000000        0.081673
     550.000000        0.081612
     551.000000        0.081544
     552.000000        0.081477
     553.000000        0.081409
     554.000000        0.081342
     555.000000        0.081276
     556.000000        0.081210
     557.000000        0.081145
     558.000000        0.081080
     559.000000        0.081015
     560.000000        0.080951
     561.000000        0.080894
     562.000000        0.080837
     563.000000        0.080780
     564.000000        0.080724
     565.000000        0.080668
     566.000000        0.080612
     567.000000        0.080557
     568.000000        0.080502
     569.000000        0.080448
     570.000000        0.080393
     571.000000        0.080317
     572.000000        0.080240
     573.000000        0.080164
     574.000000        0.080089
     575.000000        0.080013
     576.000000        0.079939
     577.000000        0.079864
     578.000000        0.079790
     579.000000        0.079717
     580.000000        0.079644
     581.000000        0.079595
     582.000000        0.079546
     583.000000        0.079497
     584.000000        0.079449
     585.000000        0.079401
     586.000000        0.079355
     587.000000        0.079308
     588.000000        0.079262
     589.000000        0.079217
     590.000000        0.079172
     591.000000        0.079128
     592.000000        0.079085
     593.000000        0.079042
     594.000000        0.079000
     595.000000        0.078958
     596.000000        0.078917
     597.000000        0.078877
     598.000000        0.078837
     599.000000        0.078798
     600.000000        0.078759
     601.000000        0.078722
     602.000000        0.078685
     603.000000        0.078648
     604.000000        0.078612
     605.000000        0.078577
     606.000000        0.078543
     607.000000        0.078509
     608.000000        0.078476
     609.000000        0.078444
     610.000000        0.078412
     611.000000        0.078381
     612.000000        0.078351
     613.000000        0.078322
     614.000000        0.078293
     615.000000        0.078265
     616.000000        0.078238
     617.000000        0.078211
     618.000000        0.078186
     619.000000        0.078161
     620.000000        0.078137
     621.000000        0.078112
     622.000000        0.078088
     623.000000        0.078065
     624.000000        0.078042
     625.000000        0.078021
     626.000000        0.078000
     627.000000        0.077980
     628.000000        0.077962
     629.000000        0.077944
     630.000000        0.077926
     631.000000        0.077886
     632.000000        0.077846
     633.000000        0.077807
     634.000000        0.077769
     635.000000        0.077732
     636.000000        0.077695
     637.000000        0.077659
     638.000000        0.077623
     639.000000        0.077589
     640.000000        0.077555
     641.000000        0.077546
     642.000000        0.077538
     643.000000        0.077531
     644.000000        0.077525
     645.000000        0.077519
     646.000000        0.077515
     647.000000        0.077511
     648.000000        0.077508
     649.000000        0.077506
     650.000000        0.077505
     651.000000        0.077504
     652.000000        0.077505
     653.000000        0.077506
     654.000000        0.077508
     655.000000        0.077510
     656.000000        0.077514
     657.000000        0.077518
     658.000000        0.077524
     659.000000        0.077530
     660.000000        0.077536
     661.000000        0.077544
     662.000000        0.077553
     663.000000        0.077563
     664.000000        0.077573
     665.000000        0.077584
     666.000000        0.077596
     667.000000        0.077608
     668.000000        0.077622
     669.000000        0.077636
     670.000000        0.077651
     671.000000        0.077666
     672.000000        0.077683
     673.000000        0.077700
     674.000000        0.077718
     675.000000        0.077737
     676.000000        0.077756
     677.000000        0.077776
     678.000000        0.077797
     679.000000        0.077819
     680.000000        0.077842
     681.000000        0.077838
     682.000000        0.077834
     683.000000        0.077832
     684.000000        0.077830
     685.000000        0.077828
     686.000000        0.077828
     687.000000        0.077828
     688.000000        0.077829
     689.000000        0.077830
     690.000000        0.077832
     691.000000        0.077862
     692.000000        0.077893
     693.000000        0.077925
     694.000000        0.077957
     695.000000        0.077990
     696.000000        0.078024
     697.000000        0.078059
     698.000000        0.078094
     699.000000        0.078130
     700.000000        0.078166
     701.000000        0.078203
     702.000000        0.078240
     703.000000        0.078277
     704.000000        0.078315
     705.000000        0.078354
     706.000000        0.078394
     707.000000        0.078434
     708.000000        0.078474
     709.000000        0.078516
     710.000000        0.078557
     711.000000        0.078601
     712.000000        0.078646
     713.000000        0.078691
     714.000000        0.078737
     715.000000        0.078783
     716.000000        0.078830
     717.000000        0.078878
     718.000000        0.078926
     719.000000        0.078975
     720.000000        0.079025
     721.000000        0.079075
     722.000000        0.079126
     723.000000        0.079178
     724.000000        0.079230
     725.000000        0.079283
     726.000000        0.079336
     727.000000        0.079390
     728.000000        0.079445
     729.000000        0.079500
     730.000000        0.079556
     731.000000        0.079581
     732.000000        0.079607
     733.000000        0.079634
     734.000000        0.079661
     735.000000        0.079688
     736.000000        0.079716
     737.000000        0.079744
     738.000000        0.079773
     739.000000        0.079802
     740.000000        0.079832
     741.000000        0.079893
     742.000000        0.079955
     743.000000        0.080018
     744.000000        0.080081
     745.000000        0.080145
     746.000000        0.080209
     747.000000        0.080274
     748.000000        0.080339
     749.000000        0.080405
     750.000000        0.080472
     751.000000        0.080539
     752.000000        0.080606
     753.000000        0.080674
     754.000000        0.080743
     755.000000        0.080812
     756.000000        0.080881
     757.000000        0.080951
     758.000000        0.081022
     759.000000        0.081093
     760.000000        0.081165
     761.000000        0.081237
     762.000000        0.081309
     763.000000        0.081382
     764.000000        0.081456
     765.000000        0.081530
     766.000000        0.081604
     767.000000        0.081679
     768.000000        0.081754
     769.000000        0.081830
     770.000000        0.081907
     771.000000        0.081950
     772.000000        0.081993
     773.000000        0.082037
     774.000000        0.082081
     775.000000        0.082125
     776.000000        0.082170
     777.000000        0.082214
     778.000000        0.082260
     779.000000        0.082305
     780.000000        0.082351
     781.000000        0.082426
     782.000000        0.082502
     783.000000        0.082578
     784.000000        0.082654
     785.000000        0.082731
     786.000000        0.082808
     787.000000        0.082885
     788.000000        0.082962
     789.000000        0.083040
     790.000000        0.083118
     791.000000        0.083202
     792.000000        0.083286
     793.000000        0.083371
     794.000000        0.083456
     795.000000        0.083541
     796.000000        0.083627
     797.000000        0.083713
     798.000000        0.083799
     799.000000        0.083886
     800.000000        0.083973
     801.000000        0.084048
     802.000000        0.084123
     803.000000        0.084198
     804.000000        0.084273
     805.000000        0.084349
     806.000000        0.084424
     807.000000        0.084499
     808.000000        0.084575
     809.000000        0.084650
     810.000000        0.084725
     811.000000        0.084815
     812.000000        0.084905
     813.000000        0.084995
     814.000000        0.085085
     815.000000        0.085176
     816.000000        0.085267
     817.000000        0.085359
     818.000000        0.085450
     819.000000        0.085542
     820.000000        0.085635
     821.000000        0.085698
     822.000000        0.085761
     823.000000        0.085824
     824.000000        0.085888
     825.000000        0.085952
     826.000000        0.086016
     827.000000        0.086081
     828.000000        0.086146
     829.000000        0.086211
     830.000000        0.086277
     831.000000        0.086364
     832.000000        0.086451
     833.000000        0.086538
     834.000000        0.086625
     835.000000        0.086713
     836.000000        0.086800
     837.000000        0.086888
     838.000000        0.086975
     839.000000        0.087063
     840.000000        0.087151
     841.000000        0.087248
     842.000000        0.087345
     843.000000        0.087443
     844.000000        0.087540
     845.000000        0.087638
     846.000000        0.087737
     847.000000        0.087835
     848.000000        0.087934
     849.000000        0.088032
     850.000000        0.088131
     851.000000        0.088211
     852.000000        0.088291
     853.000000        0.088371
     854.000000        0.088452
     855.000000        0.088533
     856.000000        0.088615
     857.000000        0.088696
     858.000000        0.088779
     859.000000        0.088861
     860.000000        0.088944
     861.000000        0.089046
     862.000000        0.089148
     863.000000        0.089250
     864.000000        0.089352
     865.000000        0.089455
     866.000000        0.089558
     867.000000        0.089661
     868.000000        0.089764
     869.000000        0.089867
     870.000000        0.089970
     871.000000        0.090085
     872.000000        0.090200
     873.000000        0.090315
     874.000000        0.090430
     875.000000        0.090546
     876.000000        0.090662
     877.000000        0.090778
     878.000000        0.090895
     879.000000        0.091011
     880.000000        0.091128
     881.000000        0.091217
     882.000000        0.091306
     883.000000        0.091395
     884.000000        0.091484
     885.000000        0.091574
     886.000000        0.091664
     887.000000        0.091754
     888.000000        0.091844
     889.000000        0.091935
     890.000000        0.092026
     891.000000        0.092146
     892.000000        0.092266
     893.000000        0.092387
     894.000000        0.092507
     895.000000        0.092628
     896.000000        0.092749
     897.000000        0.092870
     898.000000        0.092992
     899.000000        0.093113
     900.000000        0.093235
Transmission at 0.00 degrees for unpolarized light
wavelength (nm)               T
     300.000000        0.873722
     301.000000        0.873292
     302.000000        0.872872
     303.000000        0.872462
     304.000000        0.872061
     305.000000        0.871669
     306.000000        0.871285
     307.000000        0.870908
     308.000000        0.870538
     309.000000        0.870175
     310.000000        0.869817
     311.000000        0.870141
     312.000000        0.870463
     313.000000        0.870783
     314.000000        0.871101
     315.000000        0.871416
     316.000000        0.871728
     317.000000        0.872037
     318.000000        0.872341
     319.000000        0.872641
     320.000000        0.872937
     321.000000        0.872528
     322.000000        0.872118
     323.000000        0.871705
     324.000000        0.871289
     325.000000        0.870871
     326.000000        0.870450
     327.000000        0.870025
     328.000000        0.869597
     329.000000        0.869165
     330.000000        0.868730
     331.000000        0.868980
     332.000000        0.869222
     333.000000        0.869458
     334.000000        0.869687
     335.000000        0.869907
     336.000000        0.870121
     337.000000        0.870327
     338.000000        0.870525
     339.000000        0.870715
     340.000000        0.870897
     341.000000        0.870369
     342.000000        0.869834
     343.000000        0.869294
     344.000000        0.868748
     345.000000        0.868196
     346.000000        0.867638
     347.000000        0.867075
     348.000000        0.866505
     349.000000        0.865930
     350.000000        0.865349
     351.000000        0.863813
     352.000000        0.862279
     353.000000        0.860747
     354.000000        0.859218
     355.000000        0.857691
     356.000000        0.856167
     357.000000        0.854645
     358.000000        0.853125
     359.000000        0.851608
     360.000000        0.850093
     361.000000        0.850124
     362.000000        0.850158
     363.000000        0.850194
     364.000000        0.850235
     365.000000        0.850278
     366.000000        0.850326
     367.000000        0.850379
     368.000000        0.850436
     369.000000        0.850498
     370.000000        0.850566
     371.000000        0.852187
     372.000000        0.853809
     373.000000        0.855434
     374.000000        0.857063
     375.000000        0.858697
     376.000000        0.860335
     377.000000        0.861979
     378.000000        0.863629
     379.000000        0.865287
     380.000000        0.866952
     381.000000        0.867293
     382.000000        0.867692
     383.000000        0.868148
     384.000000        0.868659
     385.000000        0.869222
     386.000000        0.869836
     387.000000        0.870499
     388.000000        0.871206
     389.000000        0.871956
     390.000000        0.872745
     391.000000        0.873037
     392.000000        0.873339
     393.000000        0.873651
     394.000000        0.873973
     395.000000        0.874303
     396.000000        0.874642
     397.000000        0.874989
     398.000000        0.875344
     399.000000        0.875705
     400.000000        0.876073
     401.000000        0.876269
     402.000000        0.876468
     403.000000        0.876670
     404.000000        0.876875
     405.000000        0.877082
     406.000000        0.877292
     407.000000        0.877504
     408.000000        0.877718
     409.000000        0.877934
     410.000000        0.878151
     411.000000        0.878278
     412.000000        0.878406
     413.000000        0.878535
     414.000000        0.878666
     415.000000        0.878797
     416.000000        0.878929
     417.000000        0.879063
     418.000000        0.879197
     419.000000        0.879332
     420.000000        0.879468
     421.000000        0.879558
     422.000000        0.879649
     423.000000        0.879741
     424.000000        0.879833
     425.000000        0.879927
     426.000000        0.880021
     427.000000        0.880116
     428.000000        0.880212
     429.000000        0.880308
     430.000000        0.880405
     431.000000        0.879939
     432.000000        0.879476
     433.000000        0.879015
     434.000000        0.878558
     435.000000        0.878105
     436.000000        0.877654
     437.000000        0.877206
     438.000000        0.876761
     439.000000        0.876320
     440.000000        0.875881
     441.000000        0.875952
     442.000000        0.876024
     443.000000        0.876097
     444.000000        0.876171
     445.000000        0.876246
     446.000000        0.876322
     447.000000        0.876398
     448.000000        0.876476
     449.000000        0.876555
     450.000000        0.876634
     451.000000        0.876694
     452.000000        0.876755
     453.000000        0.876816
     454.000000        0.876880
     455.000000        0.876944
     456.000000        0.877009
     457.000000        0.877076
     458.000000        0.877143
     459.000000        0.877212
     460.000000        0.877282
     461.000000        0.877333
     462.000000        0.877386
     463.000000        0.877440
     464.000000        0.877495
     465.000000        0.877551
     466.000000        0.877609
     467.000000        0.877669
     468.000000        0.877729
     469.000000        0.877791
     470.000000        0.877854
     471.000000        0.877439
     472.000000        0.877026
     473.000000        0.876617
     474.000000        0.876211
     475.000000        0.875809
     476.000000        0.875409
     477.000000        0.875013
     478.000000        0.874620
     479.000000        0.874230
     480.000000        0.873843
     481.000000        0.873929
     482.000000        0.874015
     483.000000        0.874103
     484.000000        0.874192
     485.000000        0.874282
     486.000000        0.874373
     487.000000        0.874465
     488.000000        0.874558
     489.000000        0.874653
     490.000000        0.874748
     491.000000        0.874877
     492.000000        0.875006
     493.000000        0.875136
     494.000000        0.875266
     495.000000        0.875397
     496.000000        0.875528
     497.000000        0.875659
     498.000000        0.875791
     499.000000        0.875922
     500.000000        0.876055
     501.000000        0.876187
     502.000000        0.876320
     503.000000        0.876453
     504.000000        0.876586
     505.000000        0.876719
     506.000000        0.876852
     507.000000        0.876986
     508.000000        0.877120
     509.000000        0.877253
     510.000000        0.877387
     511.000000        0.877508
     512.000000        0.877629
     513.000000        0.877751
     514.000000        0.877873
     515.000000        0.877995
     516.000000        0.878118
     517.000000        0.878241
     518.000000        0.878364
     519.000000        0.878487
     520.000000        0.878610
     521.000000        0.878284
     522.000000        0.877961
     523.000000        0.877639
     524.000000        0.877320
     525.000000        0.877003
     526.000000        0.876687
     527.000000        0.876374
     528.000000        0.876063
     529.000000        0.875754
     530.000000        0.875447
     531.000000        0.875581
     532.000000        0.875715
     533.000000        0.875849
     534.000000        0.875982
     535.000000        0.876116
     536.000000        0.876249
     537.000000        0.876383
     538.000000        0.876516
     539.000000        0.876649
     540.000000        0.876782
     541.000000        0.876914
     542.000000        0.877046
     543.000000        0.877177
     544.000000        0.877309
     545.000000        0.877440
     546.000000        0.877571
     547.000000        0.877702
     548.000000        0.877832
     549.000000        0.877962
     550.000000        0.878092
     551.000000        0.878230
     552.000000        0.878367
     553.000000        0.878503
     554.000000        0.878639
     555.000000        0.878774
     556.000000        0.878908
     557.000000        0.879042
     558.000000        0.879175
     559.000000        0.879308
     560.000000        0.879439
     561.000000        0.879564
     562.000000        0.879688
     563.000000        0.879812
     564.000000        0.879935
     565.000000        0.880058
     566.000000        0.880181
     567.000000        0.880302
     568.000000        0.880424
     569.000000        0.880544
     570.000000        0.880664
     571.000000        0.880385
     572.000000        0.880106
     573.000000        0.879829
     574.000000        0.879552
     575.000000        0.879277
     576.000000        0.879002
     577.000000        0.878729
     578.000000        0.878456
     579.000000        0.878185
     580.000000        0.877914
     581.000000        0.878034
     582.000000        0.878154
     583.000000        0.878273
     584.000000        0.878391
     585.000000        0.878509
     586.000000        0.878625
     587.000000        0.878742
     588.000000        0.878857
     589.000000        0.878972
     590.000000        0.879085
     591.000000        0.879199
     592.000000        0.879311
     593.000000        0.879423
     594.000000        0.879533
     595.000000        0.879643
     596.000000        0.879753
     597.000000        0.879861
     598.000000        0.879969
     599.000000        0.880076
     600.000000        0.880182
     601.000000        0.880287
     602.000000        0.880391
     603.000000        0.880495
     604.000000        0.880598
     605.000000        0.880699
     606.000000        0.880800
     607.000000        0.880901
     608.000000        0.881000
     609.000000        0.881098
     610.000000        0.881196
     611.000000        0.881293
     612.000000        0.881389
     613.000000        0.881484
     614.000000        0.881578
     615.000000        0.881671
     616.000000        0.881763
     617.000000        0.881855
     618.000000        0.881945
     619.000000        0.882035
     620.000000        0.882124
     621.000000        0.882213
     622.000000        0.882302
     623.000000        0.882389
     624.000000        0.882476
     625.000000        0.882561
     626.000000        0.882646
     627.000000        0.882729
     628.000000        0.882812
     629.000000        0.882893
     630.000000        0.882974
     631.000000        0.882696
     632.000000        0.882418
     633.000000        0.882140
     634.000000        0.881863
     635.000000        0.881587
     636.000000        0.881311
     637.000000        0.881036
     638.000000        0.880761
     639.000000        0.880486
     640.000000        0.880212
     641.000000        0.880289
     642.000000        0.880364
     643.000000        0.880438
     644.000000        0.880512
     645.000000        0.880584
     646.000000        0.880656
     647.000000        0.880726
     648.000000        0.880796
     649.000000        0.880864
     650.000000        0.880932
     651.000000        0.880998
     652.000000        0.881064
     653.000000        0.881128
     654.000000        0.881192
     655.000000        0.881255
     656.000000        0.881316
     657.000000        0.881377
     658.000000        0.881437
     659.000000        0.881496
     660.000000        0.881554
     661.000000        0.881610
     662.000000        0.881666
     663.000000        0.881720
     664.000000        0.881774
     665.000000        0.881827
     666.000000        0.881879
     667.000000        0.881930
     668.000000        0.881980
     669.000000        0.882029
     670.000000        0.882077
     671.000000        0.882124
     672.000000        0.882171
     673.000000        0.882216
     674.000000        0.882261
     675.000000        0.882304
     676.000000        0.882347
     677.000000        0.882389
     678.000000        0.882430
     679.000000        0.882470
     680.000000        0.882509
     681.000000        0.882223
     682.000000        0.881937
     683.000000        0.881651
     684.000000        0.881366
     685.000000        0.881081
     686.000000        0.880796
     687.000000        0.880512
     688.000000        0.880228
     689.000000        0.879945
     690.000000        0.879662
     691.000000        0.879697
     692.000000        0.879731
     693.000000        0.879765
     694.000000        0.879797
     695.000000        0.879829
     696.000000        0.879860
     697.000000        0.879890
     698.000000        0.879919
     699.000000        0.879947
     700.000000        0.879975
     701.000000        0.880003
     702.000000        0.880030
     703.000000        0.880056
     704.000000        0.880081
     705.000000        0.880106
     706.000000        0.880129
     707.000000        0.880152
     708.000000        0.880175
     709.000000        0.880196
     710.000000        0.880217
     711.000000        0.880236
     712.000000        0.880254
     713.000000        0.880271
     714.000000        0.880287
     715.000000        0.880302
     716.000000        0.880317
     717.000000        0.880331
     718.000000        0.880344
     719.000000        0.880356
     720.000000        0.880368
     721.000000        0.880378
     722.000000        0.880388
     723.000000        0.880398
     724.000000        0.880406
     725.000000        0.880414
     726.000000        0.880421
     727.000000        0.880427
     728.000000        0.880432
     729.000000        0.880437
     730.000000        0.880441
     731.000000        0.880150
     732.000000        0.879858
     733.000000        0.879568
     734.000000        0.879278
     735.000000        0.878988
     736.000000        0.878698
     737.000000        0.878410
     738.000000        0.878121
     739.000000        0.877833
     740.000000        0.877546
     741.000000        0.877547
     742.000000        0.877548
     743.000000        0.877548
     744.000000        0.877547
     745.000000        0.877546
     746.000000        0.877543
     747.000000        0.877541
     748.000000        0.877537
     749.000000        0.877533
     750.000000        0.877528
     751.000000        0.877522
     752.000000        0.877516
     753.000000        0.877509
     754.000000        0.877502
     755.000000        0.877494
     756.000000        0.877485
     757.000000        0.877475
     758.000000        0.877465
     759.000000        0.877455
     760.000000        0.877443
     761.000000        0.877431
     762.000000        0.877418
     763.000000        0.877405
     764.000000        0.877391
     765.000000        0.877377
     766.000000        0.877362
     767.000000        0.877346
     768.000000        0.877330
     769.000000        0.877313
     770.000000        0.877295
     771.000000        0.877004
     772.000000        0.876713
     773.000000        0.876423
     774.000000        0.876133
     775.000000        0.875844
     776.000000        0.875555
     777.000000        0.875267
     778.000000        0.874980
     779.000000        0.874692
     780.000000        0.874406
     781.000000        0.874391
     782.000000        0.874376
     783.000000        0.874361
     784.000000        0.874345
     785.000000        0.874329
     786.000000        0.874313
     787.000000        0.874296
     788.000000        0.874278
     789.000000        0.874260
     790.000000        0.874242
     791.000000        0.874218
     792.000000        0.874194
     793.000000        0.874169
     794.000000        0.874143
     795.000000        0.874117
     796.000000        0.874091
     797.000000        0.874064
     798.000000        0.874036
     799.000000        0.874008
     800.000000        0.873980
     801.000000        0.873963
     802.000000        0.873945
     803.000000        0.873927
     804.000000        0.873909
     805.000000        0.873891
     806.000000        0.873873
     807.000000        0.873854
     808.000000        0.873835
     809.000000        0.873816
     810.000000        0.873797
     811.000000        0.873765
     812.000000        0.873732
     813.000000        0.873698
     814.000000        0.873664
     815.000000        0.873630
     816.000000        0.873595
     817.000000        0.873560
     818.000000        0.873525
     819.000000        0.873489
     820.000000        0.873452
     821.000000        0.873160
     822.000000        0.872868
     823.000000        0.872576
     824.000000        0.872285
     825.000000        0.871994
     826.000000        0.871703
     827.000000        0.871413
     828.000000        0.871123
     829.000000        0.870834
     830.000000        0.870545
     831.000000        0.870516
     832.000000        0.870486
     833.000000        0.870456
     834.000000        0.870426
     835.000000        0.870396
     836.000000        0.870365
     837.000000        0.870334
     838.000000        0.870303
     839.000000        0.870271
     840.000000        0.870240
     841.000000        0.870199
     842.000000        0.870158
     843.000000        0.870117
     844.000000        0.870076
     845.000000        0.870034
     846.000000        0.869992
     847.000000        0.869949
     848.000000        0.869906
     849.000000        0.869863
     850.000000        0.869820
     851.000000        0.869523
     852.000000        0.869226
     853.000000        0.868929
     854.000000        0.868633
     855.000000        0.868337
     856.000000        0.868042
     857.000000        0.867746
     858.000000        0.867451
     859.000000        0.867157
     860.000000        0.866862
     861.000000        0.866818
     862.000000        0.866773
     863.000000        0.866728
     864.000000        0.866683
     865.000000        0.866637
     866.000000        0.866591
     867.000000        0.866545
     868.000000        0.866498
     869.000000        0.866452
     870.000000        0.866404
     871.000000        0.866347
     872.000000        0.866289
     873.000000        0.866230
     874.000000        0.866171
     875.000000        0.866112
     876.000000        0.866052
     877.000000        0.865992
     878.000000        0.865932
     879.000000        0.865871
     880.000000        0.865810
     881.000000        0.865515
     882.000000        0.865220
     883.000000        0.864925
     884.000000        0.864631
     885.000000        0.864337
     886.000000        0.864043
     887.000000        0.863750
     888.000000        0.863457
     889.000000        0.863164
     890.000000        0.862872
     891.000000        0.862810
     892.000000        0.862747
     893.000000        0.862684
     894.000000        0.862621
     895.000000        0.862557
     896.000000        0.862493
     897.000000        0.862429
     898.000000        0.862364
     899.000000        0.862299
     900.000000        0.862234
Absorption at 0.00 degrees for unpolarized light
wavelength (nm)               A
     300.000000        0.041029
     301.000000        0.041702
     302.000000        0.042371
     303.000000        0.043036
     304.000000        0.043695
     305.000000        0.044351
     306.000000        0.045002
     307.000000        0.045649
     308.000000        0.046291
     309.000000        0.046929
     310.000000        0.047563
     311.000000        0.047421
     312.000000        0.047279
     313.000000        0.047138
     314.000000        0.046997
     315.000000        0.046858
     316.000000        0.046718
     317.000000        0.046580
     318.000000        0.046441
     319.000000        0.046304
     320.000000        0.046167
     321.000000        0.046776
     322.000000        0.047380
     323.000000        0.047980
     324.000000        0.048575
     325.000000        0.049165
     326.000000        0.049751
     327.000000        0.050333
     328.000000        0.050910
     329.000000        0.051483
     330.000000        0.052051
     331.000000        0.051899
     332.000000        0.051746
     333.000000        0.051595
     334.000000        0.051443
     335.000000        0.051292
     336.000000        0.051142
     337.000000        0.050992
     338.000000        0.050842
     339.000000        0.050693
     340.000000        0.050544
     341.000000        0.051089
     342.000000        0.051630
     343.000000        0.052167
     344.000000        0.052699
     345.000000        0.053227
     346.000000        0.053751
     347.000000        0.054271
     348.000000        0.054786
     349.000000        0.055297
     350.000000        0.055804
     351.000000        0.056949
     352.000000        0.058084
     353.000000        0.059208
     354.000000        0.060323
     355.000000        0.061427
     356.000000        0.062522
     357.000000        0.063607
     358.000000        0.064682
     359.000000        0.065747
     360.000000        0.066804
     361.000000        0.065907
     362.000000        0.065017
     363.000000        0.064135
     364.000000        0.063260
     365.000000        0.062392
     366.000000        0.061531
     367.000000        0.060677
     368.000000        0.059831
     369.000000        0.058991
     370.000000        0.058158
     371.000000        0.056111
     372.000000        0.054074
     373.000000        0.052045
     374.000000        0.050025
     375.000000        0.048014
     376.000000        0.046011
     377.000000        0.044016
     378.000000        0.042030
     379.000000        0.040051
     380.000000        0.038080
     381.000000        0.037997
     382.000000        0.037918
     383.000000        0.037842
     384.000000        0.037770
     385.000000        0.037702
     386.000000        0.037636
     387.000000        0.037573
     388.000000        0.037513
     389.000000        0.037455
     390.000000        0.037400
     391.000000        0.037318
     392.000000        0.037238
     393.000000        0.037158
     394.000000        0.037079
     395.000000        0.037001
     396.000000        0.036924
     397.000000        0.036847
     398.000000        0.036771
     399.000000        0.036696
     400.000000        0.036621
     401.000000        0.036539
     402.000000        0.036457
     403.000000        0.036375
     404.000000        0.036294
     405.000000        0.036214
     406.000000        0.036134
     407.000000        0.036054
     408.000000        0.035975
     409.000000        0.035896
     410.000000        0.035818
     411.000000        0.035736
     412.000000        0.035655
     413.000000        0.035574
     414.000000        0.035493
     415.000000        0.035413
     416.000000        0.035334
     417.000000        0.035254
     418.000000        0.035175
     419.000000        0.035097
     420.000000        0.035019
     421.000000        0.034939
     422.000000        0.034860
     423.000000        0.034782
     424.000000        0.034703
     425.000000        0.034625
     426.000000        0.034548
     427.000000        0.034471
     428.000000        0.034394
     429.000000        0.034318
     430.000000        0.034242
     431.000000        0.034723
     432.000000        0.035201
     433.000000        0.035677
     434.000000        0.036150
     435.000000        0.036621
     436.000000        0.037090
     437.000000        0.037556
     438.000000        0.038020
     439.000000        0.038481
     440.000000        0.038941
     441.000000        0.038856
     442.000000        0.038771
     443.000000        0.038687
     444.000000        0.038604
     445.000000        0.038520
     446.000000        0.038437
     447.000000        0.038355
     448.000000        0.038273
     449.000000        0.038192
     450.000000        0.038110
     451.000000        0.038029
     452.000000        0.037948
     453.000000        0.037867
     454.000000        0.037787
     455.000000        0.037707
     456.000000        0.037627
     457.000000        0.037548
     458.000000        0.037470
     459.000000        0.037391
     460.000000        0.037314
     461.000000        0.037235
     462.000000        0.037158
     463.000000        0.037080
     464.000000        0.037003
     465.000000        0.036927
     466.000000        0.036851
     467.000000        0.036775
     468.000000        0.036700
     469.000000        0.036625
     470.000000        0.036550
     471.000000        0.036985
     472.000000        0.037418
     473.000000        0.037850
     474.000000        0.038279
     475.000000        0.038707
     476.000000        0.039132
     477.000000        0.039556
     478.000000        0.039977
     479.000000        0.040397
     480.000000        0.040815
     481.000000        0.040735
     482.000000        0.040655
     483.000000        0.040575
     484.000000        0.040496
     485.000000        0.040417
     486.000000        0.040339
     487.000000        0.040261
     488.000000        0.040183
     489.000000        0.040105
     490.000000        0.040028
     491.000000        0.039952
     492.000000        0.039877
     493.000000        0.039801
     494.000000        0.039726
     495.000000        0.039652
     496.000000        0.039577
     497.000000        0.039503
     498.000000        0.039429
     499.000000        0.039356
     500.000000        0.039282
     501.000000        0.039209
     502.000000        0.039136
     503.000000        0.039064
     504.000000        0.038991
     505.000000        0.038919
     506.000000        0.038848
     507.000000        0.038776
     508.000000        0.038705
     509.000000        0.038634
     510.000000        0.038563
     511.000000        0.038492
     512.000000        0.038422
     513.000000        0.038352
     514.000000        0.038282
     515.000000        0.038212
     516.000000        0.038142
     517.000000        0.038073
     518.000000        0.038004
     519.000000        0.037936
     520.000000        0.037867
     521.000000        0.038260
     522.000000        0.038652
     523.000000        0.039042
     524.000000        0.039430
     525.000000        0.039817
     526.000000        0.040202
     527.000000        0.040586
     528.000000        0.040968
     529.000000        0.041348
     530.000000        0.041727
     531.000000        0.041654
     532.000000        0.041580
     533.000000        0.041507
     534.000000        0.041434
     535.000000        0.041361
     536.000000        0.041289
     537.000000        0.041216
     538.000000        0.041144
     539.000000        0.041072
     540.000000        0.041001
     541.000000        0.040929
     542.000000        0.040858
     543.000000        0.040787
     544.000000        0.040716
     545.000000        0.040645
     546.000000        0.040575
     547.000000        0.040505
     548.000000        0.040435
     549.000000        0.040365
     550.000000        0.040296
     551.000000        0.040226
     552.000000        0.040157
     553.000000        0.040088
     554.000000        0.040019
     555.000000        0.039950
     556.000000        0.039882
     557.000000        0.039813
     558.000000        0.039745
     559.000000        0.039677
     560.000000        0.039609
     561.000000        0.039542
     562.000000        0.039474
     563.000000        0.039407
     564.000000        0.039340
     565.000000        0.039274
     566.000000        0.039207
     567.000000        0.039141
     568.000000        0.039074
     569.000000        0.039008
     570.000000        0.038942
     571.000000        0.039299
     572.000000        0.039653
     573.000000        0.040007
     574.000000        0.040359
     575.000000        0.040710
     576.000000        0.041059
     577.000000        0.041407
     578.000000        0.041753
     579.000000        0.042098
     580.000000        0.042442
     581.000000        0.042371
     582.000000        0.042301
     583.000000        0.042230
     584.000000        0.042160
     585.000000        0.042090
     586.000000        0.042020
     587.000000        0.041950
     588.000000        0.041881
     589.000000        0.041811
     590.000000        0.041742
     591.000000        0.041673
     592.000000        0.041604
     593.000000        0.041535
     594.000000        0.041467
     595.000000        0.041398
     596.000000        0.041330
     597.000000        0.041262
     598.000000        0.041194
     599.000000        0.041127
     600.000000        0.041059
     601.000000        0.040992
     602.000000        0.040924
     603.000000        0.040857
     604.000000        0.040790
     605.000000        0.040723
     606.000000        0.040657
     607.000000        0.040590
     608.000000        0.040524
     609.000000        0.040458
     610.000000        0.040392
     611.000000        0.040326
     612.000000        0.040260
     613.000000        0.040194
     614.000000        0.040129
     615.000000        0.040064
     616.000000        0.039999
     617.000000        0.039934
     618.000000        0.039869
     619.000000        0.039804
     620.000000        0.039740
     621.000000        0.039675
     622.000000        0.039610
     623.000000        0.039546
     624.000000        0.039482
     625.000000        0.039418
     626.000000        0.039354
     627.000000        0.039290
     628.000000        0.039227
     629.000000        0.039163
     630.000000        0.039100
     631.000000        0.039418
     632.000000        0.039736
     633.000000        0.040052
     634.000000        0.040367
     635.000000        0.040681
     636.000000        0.040994
     637.000000        0.041306
     638.000000        0.041616
     639.000000        0.041925
     640.000000        0.042233
     641.000000        0.042165
     642.000000        0.042098
     643.000000        0.042031
     644.000000        0.041964
     645.000000        0.041897
     646.000000        0.041830
     647.000000        0.041763
     648.000000        0.041696
     649.000000        0.041630
     650.000000        0.041564
     651.000000        0.041498
     652.000000        0.041432
     653.000000        0.041366
     654.000000        0.041300
     655.000000        0.041235
     656.000000        0.041170
     657.000000        0.041104
     658.000000        0.041039
     659.000000        0.040974
     660.000000        0.040910
     661.000000        0.040845
     662.000000        0.040781
     663.000000        0.040717
     664.000000        0.040653
     665.000000        0.040589
     666.000000        0.040526
     667.000000        0.040462
     668.000000        0.040399
     669.000000        0.040335
     670.000000        0.040272
     671.000000        0.040209
     672.000000        0.040147
     673.000000        0.040084
     674.000000        0.040021
     675.000000        0.039959
     676.000000        0.039897
     677.000000        0.039835
     678.000000        0.039773
     679.000000        0.039711
     680.000000        0.039649
     681.000000        0.039939
     682.000000        0.040229
     683.000000        0.040517
     684.000000        0.040804
     685.000000        0.041091
     686.000000        0.041376
     687.000000        0.041660
     688.000000        0.041943
     689.000000        0.042225
     690.000000        0.042506
     691.000000        0.042441
     692.000000        0.042375
     693.000000        0.042310
     694.000000        0.042245
     695.000000        0.042181
     696.000000        0.042116
     697.000000        0.042051
     698.000000        0.041987
     699.000000        0.041923
     700.000000        0.041859
     701.000000        0.041795
     702.000000        0.041731
     703.000000        0.041667
     704.000000        0.041604
     705.000000        0.041540
     706.000000        0.041477
     707.000000        0.041414
     708.000000        0.041351
     709.000000        0.041288
     710.000000        0.041226
     711.000000        0.041163
     712.000000        0.041101
     713.000000        0.041039
     714.000000        0.040977
     715.000000        0.040915
     716.000000        0.040853
     717.000000        0.040791
     718.000000        0.040730
     719.000000        0.040668
     720.000000        0.040607
     721.000000        0.040546
     722.000000        0.040485
     723.000000        0.040425
     724.000000        0.040364
     725.000000        0.040303
     726.000000        0.040243
     727.000000        0.040183
     728.000000        0.040123
     729.000000        0.040063
     730.000000        0.040003
     731.000000        0.040269
     732.000000        0.040534
     733.000000        0.040798
     734.000000        0.041062
     735.000000        0.041324
     736.000000        0.041586
     737.000000        0.041846
     738.000000        0.042106
     739.000000        0.042365
     740.000000        0.042623
     741.000000        0.042560
     742.000000        0.042497
     743.000000        0.042434
     744.000000        0.042372
     745.000000        0.042310
     746.000000        0.042248
     747.000000        0.042186
     748.000000        0.042124
     749.000000        0.042062
     750.000000        0.042000
     751.000000        0.041939
     752.000000        0.041878
     753.000000        0.041816
     754.000000        0.041755
     755.000000        0.041695
     756.000000        0.041634
     757.000000        0.041573
     758.000000        0.041513
     759.000000        0.041452
     760.000000        0.041392
     761.000000        0.041332
     762.000000        0.041272
     763.000000        0.041213
     764.000000        0.041153
     765.000000        0.041094
     766.000000        0.041034
     767.000000        0.040975
     768.000000        0.040916
     769.000000        0.040857
     770.000000        0.040798
     771.000000        0.041047
     772.000000        0.041294
     773.000000        0.041540
     774.000000        0.041786
     775.000000        0.042031
     776.000000        0.042275
     777.000000        0.042518
     778.000000        0.042761
     779.000000        0.043003
     780.000000        0.043244
     781.000000        0.043183
     782.000000        0.043122
     783.000000        0.043061
     784.000000        0.043000
     785.000000        0.042940
     786.000000        0.042879
     787.000000        0.042819
     788.000000        0.042759
     789.000000        0.042699
     790.000000        0.042640
     791.000000        0.042580
     792.000000        0.042520
     793.000000        0.042460
     794.000000        0.042401
     795.000000        0.042342
     796.000000        0.042282
     797.000000        0.042223
     798.000000        0.042164
     799.000000        0.042106
     800.000000        0.042047
     801.000000        0.041989
     802.000000        0.041932
     803.000000        0.041874
     804.000000        0.041817
     805.000000        0.041760
     806.000000        0.041703
     807.000000        0.041647
     808.000000        0.041590
     809.000000        0.041534
     810.000000        0.041478
     811.000000        0.041421
     812.000000        0.041364
     813.000000        0.041307
     814.000000        0.041250
     815.000000        0.041194
     816.000000        0.041137
     817.000000        0.041081
     818.000000        0.041025
     819.000000        0.040969
     820.000000        0.040913
     821.000000        0.041143
     822.000000        0.041372
     823.000000        0.041600
     824.000000        0.041827
     825.000000        0.042054
     826.000000        0.042280
     827.000000        0.042506
     828.000000        0.042731
     829.000000        0.042955
     830.000000        0.043178
     831.000000        0.043120
     832.000000        0.043063
     833.000000        0.043006
     834.000000        0.042949
     835.000000        0.042892
     836.000000        0.042835
     837.000000        0.042779
     838.000000        0.042722
     839.000000        0.042666
     840.000000        0.042610
     841.000000        0.042553
     842.000000        0.042496
     843.000000        0.042440
     844.000000        0.042384
     845.000000        0.042328
     846.000000        0.042272
     847.000000        0.042216
     848.000000        0.042160
     849.000000        0.042104
     850.000000        0.042049
     851.000000        0.042266
     852.000000        0.042483
     853.000000        0.042699
     854.000000        0.042915
     855.000000        0.043130
     856.000000        0.043344
     857.000000        0.043557
     858.000000        0.043770
     859.000000        0.043982
     860.000000        0.044194
     861.000000        0.044136
     862.000000        0.044079
     863.000000        0.044022
     864.000000        0.043965
     865.000000        0.043908
     866.000000        0.043851
     867.000000        0.043794
     868.000000        0.043738
     869.000000        0.043681
     870.000000        0.043625
     871.000000        0.043568
     872.000000        0.043511
     873.000000        0.043455
     874.000000        0.043398
     875.000000        0.043342
     876.000000        0.043286
     877.000000        0.043229
     878.000000        0.043173
     879.000000        0.043117
     880.000000        0.043062
     881.000000        0.043268
     882.000000        0.043475
     883.000000        0.043680
     884.000000        0.043885
     885.000000        0.044089
     886.000000        0.044293
     887.000000        0.044496
     888.000000        0.044698
     889.000000        0.044900
     890.000000        0.045101
     891.000000        0.045044
     892.000000        0.044986
     893.000000        0.044929
     894.000000        0.044872
     895.000000        0.044814
     896.000000        0.044757
     897.000000        0.044701
     898.000000        0.044644
     899.000000        0.044587
     900.000000        0.044531
